-0.77587157
-0.63233134
-0.07655831
-0.22300522
0.71722091
0.35179522
-0.35342805
-0.15627076
0.72255226
0.74672759
0.74521917
0.74575959
0.74784427
0.58383669
-0.10553674
-0.00489216
-0.37015041
-0.75560949
-0.92636095
-0.89540682
-0.85155618
-0.85509851
-0.88002096
-0.78942493
-0.07561034
-0.08777570
0.72106718
0.80285927
0.80337308
0.79329563
0.19339411
-0.44679246
-0.12189387
0.09362413
-0.01469896
-0.65976184
-0.10671834
-0.20822243
-0.39972899
-0.67308141
-0.90743339
-0.70393911
0.41309403
0.85351698
0.86428482
0.86316195
0.70832520
-0.29508349
-0.85573082
-0.88651615
-0.86577551
-0.83739387
-0.78224137
-0.74704338
-0.67021756
-0.71112565
-0.82537157
-0.86281734
-0.84908704
-0.16740596
-0.38658799
-0.70774722
-0.32597958
-0.08897698
-0.82777724
-0.83246919
-0.43488651
0.14196288
0.87238383
0.87055813
0.87564214
0.87245181
0.66920113
-0.23332162
-0.74400523
-0.86161929
-0.87814729
-0.88643474
-0.86491100
-0.52054570
0.28954359
0.66598614
0.90975821
0.87258425
-0.30737798
-0.80352834
-0.87211979
-0.86662060
-0.83963016
-0.79712775
-0.77849610
-0.82190599
-0.84578916
-0.86907197
-0.86412754
-0.82923985
-0.59014789
-0.20925937
0.91545006
0.96537304
0.96158106
0.39509934
-0.26884939
-0.33487906
-0.40972576
-0.43062003
-0.61129594
-0.78850829
-0.90457108
-0.89695393
-0.89696009
-0.89959667
-0.62694522
-0.33724557
-0.31188961
-0.42050483
-0.54483194
-0.11462496
0.91815544
0.96553939
0.90651999
-0.16338597
-0.82793322
-0.85696444
-0.87244306
-0.83257028
-0.68944373
-0.76868489
-0.85204760
-0.87993833
-0.85393252
-0.44712716
0.72010023
0.97532728
0.98070544
0.45808713
-0.19450846
-0.45986095
-0.69390531
-0.90865788
-0.87289299
-0.85701163
-0.83864882
-0.81537714
-0.79059068
-0.76854127
-0.80518602
-0.80718308
-0.81376550
-0.77853586
-0.18121874
0.33388655
0.95369040
0.95630401
0.95140671
0.95275886
0.94702742
0.94567443
0.94418341
0.94137597
0.93408462
0.93678651
0.84456552
-0.10245901
-0.00215663
-0.13183187
-0.25040851
-0.20341389
-0.31213860
-0.49271183
-0.85932916
-0.80148607
-0.81493517
-0.84964000
-0.73329641
-0.29756794
-0.88326677
-0.87733317
-0.03485849
0.75839425
0.88111971
0.10813542
0.37215183
0.12389793
-0.63276104
-0.85203646
-0.77800793
-0.75503366
-0.77743614
-0.79502348
-0.78683200
-0.80009665
-0.80082691
-0.72947410
-0.64352743
-0.79931205
-0.85385906
-0.80004677
-0.57826156
-0.10280527
0.88007812
0.89108079
0.90363872
0.82760556
-0.35980745
-0.53202264
-0.31085880
0.76341086
0.92861277
0.92168561
0.80059326
-0.61980689
-0.78296496
-0.86308561
-0.81055102
-0.84005227
-0.82066238
-0.35225235
-0.82777780
-0.84315472
-0.77760202
-0.58711467
0.06863521
0.90174368
0.91787415
0.91940281
0.90854484
0.91422023
0.91673868
0.91367328
-0.11943545
0.05886392
-0.34013626
-0.83873818
-0.87625601
-0.86763351
-0.83642787
-0.73811223
0.36855563
0.93399188
0.92494287
0.91467642
0.91300491
0.92356085
0.91950355
0.91842758
0.92388211
0.88333818
-0.02566715
-0.76298633
-0.83359769
-0.72742906
-0.08231583
-0.15893634
-0.70294596
-0.80845516
