-0.30405753
-0.40792568
-0.49343638
-0.62245405
-0.30113342
-0.59122530
-0.56961946
-0.55616764
-0.26363790
-0.22892902
-0.23501810
-0.26868904
-0.27985595
-0.47123414
-0.64639762
-0.44653148
-0.30612202
-0.28546060
-0.17266113
-0.04248243
0.02007648
-0.01668931
-0.11619549
-0.35355813
-0.62976004
-0.68642160
-0.42278302
-0.23855983
-0.25131387
-0.30700768
-0.73909052
-0.71321689
-0.78175201
-0.73412885
-0.58350196
-0.48053272
-0.52571375
-0.49534956
-0.37420003
-0.37975841
-0.36872240
-0.61832949
-0.78463322
-0.27832709
-0.22838012
-0.25228620
-0.58496097
-0.78275058
-0.37746616
-0.22030533
-0.15200078
-0.11346033
-0.03390247
-0.02732797
0.00530739
-0.01993420
-0.06239082
-0.12839627
-0.32025966
-0.53710963
-0.60647049
-0.46468525
-0.53858487
-0.66152518
-0.44255729
-0.46337153
-0.64699210
-0.88688459
-0.31531726
-0.22134278
-0.21016878
-0.25827446
-0.66252954
-0.86334834
-0.58304335
-0.39231038
-0.40626152
-0.29055634
-0.46077329
-0.70777214
-0.75284759
-0.66913548
-0.22442306
-0.41439828
-0.88545446
-0.54507793
-0.31474774
-0.25521406
-0.20475509
-0.24280864
-0.31243690
-0.26317926
-0.26613555
-0.25931002
-0.26197882
-0.42027984
-0.70290639
-0.91015243
-0.52702950
-0.20704404
-0.20498199
-0.76860236
-0.49906915
-0.38847201
-0.34598777
-0.38397113
-0.43031056
-0.44583465
-0.33052637
-0.32641470
-0.31438333
-0.39886060
-0.52908537
-0.43822280
-0.41783110
-0.59257356
-0.74417415
-0.92648132
-0.51903156
-0.25992656
-0.54591249
-1.00000000
-0.55125149
-0.31060591
-0.37443496
-0.35637469
-0.36121195
-0.42013175
-0.45969769
-0.44552967
-0.53252824
-0.90594121
-0.73939023
-0.31499266
-0.29852583
-0.88533172
-0.96681697
-0.90884178
-0.79055273
-0.46717094
-0.29597587
-0.28882772
-0.26653318
-0.27105863
-0.29254300
-0.25915245
-0.21548967
-0.24886361
-0.25138138
-0.35469263
-0.85125911
-0.78494340
-0.16657171
-0.11361229
-0.12393809
-0.12050001
-0.13137085
-0.13311434
-0.13679443
-0.14006691
-0.16268993
-0.18488844
-0.32322301
-0.61014223
-0.53097341
-0.48970940
-0.45757854
-0.42109180
-0.50450723
-0.48035652
-0.26857278
-0.12386665
-0.10570428
-0.14587507
-0.12099952
-0.01669167
-0.32754480
-0.49281038
-0.86909100
-0.52316693
-0.18648939
-0.81780410
-0.79414878
-0.84230868
-0.70519527
-0.34410396
-0.16493519
-0.17287877
-0.18309029
-0.20115304
-0.23537255
-0.27802041
-0.31565122
-0.44866967
-0.48318191
-0.40533332
-0.35071887
-0.53309953
-0.73528836
-0.85399187
-0.27242842
-0.11361456
-0.11679689
-0.44609542
-0.75051618
-0.76307229
-0.85413485
-0.47549022
-0.12144381
-0.11827340
-0.51955882
-0.67791226
-0.53855642
-0.33809289
-0.18466361
-0.22236105
-0.25200044
-0.00762799
-0.20844629
-0.23279437
-0.45350834
-0.63080458
-0.85682170
-0.29743778
-0.14186929
-0.11828133
-0.11153224
-0.10400256
-0.10913752
-0.22843748
-0.81869166
-0.88225525
-0.84556423
-0.47845768
-0.30157825
-0.27506553
-0.34981641
-0.44755779
-0.77363581
-0.18846340
-0.09431867
-0.08567491
-0.09195917
-0.11274404
-0.09121778
-0.07935279
-0.09429276
-0.31604648
-0.57989685
-0.18844443
-0.18104944
-0.49106777
-0.58191764
-0.57134377
-0.45360499
-0.29911336
