0.07003810
0.08758743
0.08595359
0.27251769
-0.20791812
0.19655158
0.45277373
0.37647229
-0.22964861
-0.29789896
-0.26690148
-0.22545945
-0.22961652
0.01095438
0.45709387
0.30815032
0.20672070
0.15596625
0.00685431
0.08904506
0.14349747
0.19741847
0.13873895
0.33133654
0.36380867
0.32513911
-0.16085256
-0.29154329
-0.27355797
-0.21372809
0.37769182
0.43710749
0.36036623
0.35502975
0.23408412
0.17359349
0.28529321
0.20593373
0.03136869
0.01038055
0.17456039
0.52028266
0.47697978
-0.16786047
-0.20965511
-0.18875348
0.29258890
0.85498610
0.33166379
0.01778367
0.08015611
0.05658231
0.03451764
0.00328210
0.02192943
0.01829216
-0.06008922
0.03075168
0.25645676
0.51047675
0.45388973
0.28614341
0.44476589
0.49206754
0.34283897
0.39687138
0.43801603
0.54464059
-0.13167789
-0.19920895
-0.22628722
-0.21247028
0.23825110
0.54690907
0.25196635
-0.12783872
-0.17892617
-0.01401801
0.13061823
0.43013314
0.48832119
0.26983541
-0.22378059
-0.03365338
0.61200832
0.21595232
-0.03246392
-0.10822130
-0.12034744
-0.23218806
-0.18935278
-0.14601360
-0.09325774
-0.13122019
0.07506537
0.22032599
0.38627581
0.59193313
0.02807875
-0.24699628
-0.26947582
-0.00093221
-0.32102475
-0.52895636
-0.67986701
-0.65956179
-0.63231691
-0.49995275
-0.31703526
-0.37456121
-0.27237235
-0.24522117
-0.36789880
-0.50085953
-0.62532695
-0.42995180
0.05450587
0.10938234
-0.15495072
-0.30048002
-0.10483344
0.34889022
0.01453626
-0.18585964
-0.30470104
-0.39178854
-0.37589633
-0.49978763
-0.37184010
-0.15439351
0.04825410
0.42171184
0.12450083
-0.30057564
-0.31004596
0.17794365
0.25457303
-0.03198148
-0.17584382
-0.34009498
-0.40024849
-0.54820534
-0.56677316
-0.62279857
-0.69207273
-0.74459793
-0.49207248
-0.40373178
-0.28293875
0.03178584
0.43247696
0.33533276
-0.35462463
-0.40806758
-0.40879476
-0.41669055
-0.42940040
-0.44716837
-0.42022410
-0.43675415
-0.44529582
-0.47008935
-0.52975377
-0.52870780
-0.79803548
-0.92983459
-0.94966228
-0.97910421
-0.82945685
-0.69860015
-0.42769332
-0.39692099
-0.45076944
-0.56340195
-0.47687188
-0.06423840
-0.56631755
-0.43120207
-0.07093452
-0.36903960
-0.44636173
-0.22128617
-0.39759429
0.20798861
0.12763840
-0.25821294
-0.37486169
-0.46089604
-0.49774955
-0.47616931
-0.59512417
-0.55955270
-0.56259870
-0.50398906
-0.52005374
-0.38057482
-0.23812865
-0.22699911
-0.12923378
0.09788689
-0.26674406
-0.36239457
-0.36388941
-0.13348158
0.24989946
0.16784445
0.11669266
-0.10974003
-0.34796317
-0.35683834
-0.07283064
0.16792834
-0.17400697
-0.30762210
-0.47642742
-0.50030348
-0.58068447
-0.15413456
-0.49729541
-0.44407566
-0.27119417
0.02010411
0.14851243
-0.27953856
-0.38600917
-0.40151728
-0.40689938
-0.41652051
-0.40425123
-0.31689262
0.28610719
0.08587342
0.15707520
-0.19651998
-0.41881572
-0.32088511
-0.18184289
0.05372246
0.26796336
-0.32090436
-0.37821223
-0.38142000
-0.35687821
-0.34480960
-0.36764956
-0.36342873
-0.35382909
-0.14227565
0.42525815
0.11088276
-0.02100468
-0.03463156
-0.14876451
-0.13461899
-0.00409482
-0.12612770
