0.99999987
0.99999964
0.99999776
0.99998363
0.99991203
0.99961970
0.99777862
0.97874900
0.81751044
0.43504305
0.41689877
0.75292999
0.93699120
0.97561799
0.97068381
0.88723278
0.48293112
0.23004189
0.84146802
0.99834700
0.99999514
0.99999997
1.00000000
1.00000000
0.99999999
0.99999976
0.99998557
0.99950282
0.99692719
0.99735534
0.99921976
0.99964528
0.99922347
0.99179401
0.87011697
0.44885287
0.72540258
0.99568639
0.99999746
1.00000000
1.00000000
1.00000000
1.00000000
1.00000000
1.00000000
1.00000000
1.00000000
1.00000000
1.00000000
1.00000000
1.00000000
1.00000000
1.00000000
1.00000000
1.00000000
1.00000000
1.00000000
1.00000000
1.00000000
1.00000000
1.00000000
1.00000000
1.00000000
1.00000000
1.00000000
1.00000000
0.99999998
0.99999976
0.99998962
0.99829889
0.78179248
-0.55655412
-0.86773645
-0.88025588
-0.84536031
-0.82591016
-0.83533875
-0.84581608
-0.82321558
-0.66797890
0.01808713
0.85544251
0.98966157
0.99863969
0.99937214
0.99878842
0.99370106
0.97407366
0.97604628
0.99537898
0.99934232
0.99973244
0.99959273
0.99891742
0.99819656
0.99894540
0.99973716
0.99994078
0.99997869
0.99998867
0.99999242
0.99998954
0.99993700
0.99848388
0.95847643
0.77776945
0.91839810
0.99836212
0.99998840
0.99999938
0.99999829
0.99988881
0.98945727
0.87072084
0.84238023
0.93313284
0.96105953
0.92892251
0.62345448
-0.50458113
-0.95350295
-0.99426309
-0.99836259
-0.99873837
-0.99733003
-0.98533991
-0.83333882
0.32063320
0.96982634
0.99955198
0.99999762
0.99999999
1.00000000
1.00000000
1.00000000
1.00000000
1.00000000
1.00000000
1.00000000
1.00000000
1.00000000
1.00000000
1.00000000
1.00000000
1.00000000
1.00000000
1.00000000
1.00000000
0.99999999
0.99991841
0.88818099
-0.80029332
-0.98868513
-0.99749593
-0.99853742
-0.99817063
-0.99520200
-0.97756553
-0.89236814
-0.70405007
-0.53984420
-0.43956307
-0.41865800
-0.60785607
-0.87783020
-0.97704272
-0.99441652
-0.99768042
-0.99883628
-0.99949552
-0.99976159
-0.99975442
-0.99906994
-0.99030968
-0.91479266
-0.81638337
-0.92343650
-0.98773609
-0.99747002
-0.99883345
-0.99916606
-0.99943730
-0.99961178
-0.99952085
-0.99839957
-0.98905336
-0.94330892
-0.91653683
-0.96873211
-0.99333368
-0.99764945
-0.99781744
-0.99566718
-0.98841685
-0.97158922
-0.94652859
-0.91316991
-0.81297518
-0.29831948
0.72176986
0.97075308
0.99344013
0.99685519
0.99856330
0.99952998
0.99974508
0.99929627
0.98831319
0.66237198
-0.47753962
-0.59519978
0.57556141
0.99795076
0.99999887
1.00000000
1.00000000
1.00000000
1.00000000
1.00000000
1.00000000
1.00000000
1.00000000
1.00000000
1.00000000
1.00000000
1.00000000
1.00000000
1.00000000
1.00000000
0.99998658
0.98106513
-0.22529101
-0.92508198
-0.97022798
-0.95826286
-0.86712440
-0.53410366
-0.16948618
-0.28885502
-0.67933602
-0.88340408
-0.93687764
-0.93351313
-0.86057069
-0.56532435
0.10232006
0.69837913
0.93077963
0.98173199
0.98810744
0.97537596
0.91092337
0.71290292
0.18746902
-0.67240103
-0.95869651
-0.98577514
-0.94979063
-0.02895980
0.97664929
0.99918330
0.99964512
0.99827947
0.97774105
0.84432699
0.65337952
0.50450971
0.04106809
-0.72831018
-0.96213206
-0.98834330
-0.98578616
-0.94354059
-0.58266726
0.56017529
0.95650731
0.99489478
0.99903932
0.99968368
0.99982050
0.99987080
0.99991187
0.99992683
0.99986521
0.99935095
0.99566106
0.98522635
0.98687013
0.99612340
0.99848179
0.99543869
0.84003399
-0.81082090
-0.99394667
-0.99816918
-0.99645619
-0.98895285
-0.98129977
-0.98508412
-0.99052411
-0.99179066
-0.98738812
-0.96071151
-0.75220377
0.28571049
0.90227180
0.96771583
0.92944845
0.41456236
-0.74744002
-0.95622200
-0.96463536
-0.87188762
-0.20876938
0.73063474
0.92335497
0.90601352
0.57209837
-0.50437238
-0.93773113
-0.99163804
-0.99857887
-0.99953990
-0.99943102
-0.99686616
-0.96787847
-0.84474967
-0.83044621
-0.95017381
-0.99075300
-0.99627228
-0.99273789
-0.94277793
-0.45825240
0.52130728
0.91501657
0.99420028
0.99989854
0.99999923
0.99999999
1.00000000
1.00000000
1.00000000
1.00000000
1.00000000
1.00000000
1.00000000
1.00000000
1.00000000
1.00000000
1.00000000
1.00000000
1.00000000
1.00000000
1.00000000
1.00000000
1.00000000
0.99999751
0.99604817
0.09738963
-0.94186510
-0.98226795
-0.96528222
-0.81657695
-0.05924763
0.72471672
0.86704489
0.68167047
-0.27012532
-0.85096122
-0.92104933
-0.88276365
-0.75076084
-0.41295083
0.29357822
0.81418189
0.93807525
0.94002585
0.82947228
0.40383626
-0.01048962
0.23676802
0.82328480
0.98101872
0.99563602
0.99444380
0.96122831
0.40307230
-0.83987336
-0.98413052
-0.98926210
-0.93034445
-0.01535499
0.90527324
0.97662930
0.96644736
0.87539100
0.59233954
0.26357068
0.10216965
0.03145122
-0.07891785
-0.27115642
-0.43761730
-0.35863331
0.33570491
0.95195349
0.99920413
0.99998897
0.99999965
0.99999995
0.99999997
0.99999994
0.99999966
0.99999543
0.99987815
0.99564231
0.87854215
-0.11759076
-0.87653753
-0.97520764
-0.98150854
-0.94052212
-0.62978576
0.18064426
0.71278925
0.93771740
0.99488834
0.99975355
0.99996938
0.99995074
0.99845879
0.79391449
-0.80991799
-0.98623745
-0.99674573
-0.99889831
-0.99958431
-0.99971718
-0.99939894
-0.99557047
-0.92220964
0.02397860
0.90909931
0.98928026
0.99634617
0.99687858
0.99591932
0.99455200
0.99263496
0.98585414
0.94694400
0.70370652
0.14464214
0.17963036
0.82728003
0.99152151
0.99939375
0.99976140
0.99945745
0.99767569
0.99471288
0.99599146
0.99864438
0.99966252
0.99990545
0.99995587
0.99994572
0.99972066
0.99387490
0.80195340
-0.04200467
0.14598282
0.91139140
0.99633178
0.99919506
0.99796365
0.97818522
0.84250938
0.80266482
0.96694238
0.99785635
0.99947384
0.99774443
0.90386706
-0.51373785
-0.95110984
-0.95036224
-0.32676774
0.98830386
0.99999320
0.99999999
1.00000000
1.00000000
1.00000000
1.00000000
1.00000000
1.00000000
1.00000000
1.00000000
1.00000000
1.00000000
0.99999999
0.99995127
0.77752973
-0.97658267
-0.99953500
-0.99990920
-0.99989512
-0.99960577
-0.99760019
-0.98724735
-0.95478768
-0.86985600
-0.54543156
0.42661909
0.94010446
0.99302171
0.99758164
0.99750862
0.99629201
0.99598990
0.99693563
0.99745164
0.99726375
0.99734586
0.99836264
0.99916466
0.99925491
0.99823228
0.99331369
0.98576581
0.98960621
0.99568900
0.99767257
0.99781335
0.99731893
0.99727643
0.99848439
0.99958029
0.99989179
0.99992360
0.99973024
0.99675687
0.95541992
0.78859679
0.76172906
0.88640743
0.93051708
0.87560239
0.54730333
-0.07478352
-0.35232641
-0.40811148
-0.66430911
-0.94614756
-0.99631372
-0.99958370
-0.99982499
-0.99978919
-0.99968648
-0.99963965
-0.99949895
-0.99765168
-0.93342616
0.56279740
0.99291722
0.99945748
0.99954841
0.99754246
0.97208879
0.77450540
0.26191151
-0.14468561
-0.20407282
0.12128913
0.70526466
0.96496999
0.99681508
0.99914635
0.99802630
0.96573593
0.16254085
-0.91174647
-0.99246595
-0.99799775
-0.99783623
-0.99004503
-0.85455030
0.50617775
0.99102667
0.99990527
0.99999877
0.99999997
1.00000000
1.00000000
1.00000000
0.99999999
0.99999979
0.99998971
0.99938196
0.96637981
0.22491138
-0.79799279
-0.93100429
-0.90767530
-0.73959398
-0.27419653
0.30568793
0.58304685
0.54293877
0.24962101
0.09280012
0.56470697
0.96414255
0.99887549
0.99993782
0.99998705
0.99999259
0.99999406
0.99999447
0.99999293
0.99998731
0.99997091
0.99990984
0.99954598
0.99575238
0.93557984
0.33286784
-0.48251312
-0.48912864
0.30298258
0.92745783
0.99499099
0.99936645
0.99974130
0.99951952
0.99633386
0.93603995
0.21978283
-0.72904047
-0.92040186
-0.95854848
-0.97057686
-0.95237215
-0.53855064
0.95483702
0.99988232
0.99999785
0.99999648
0.99948493
0.67356186
-0.89051488
-0.90699816
0.19116647
0.97786518
0.99675188
0.99026831
0.85793505
0.07137224
-0.44735252
-0.34652007
0.36590998
0.94998290
0.99934596
0.99999682
0.99999998
1.00000000
1.00000000
1.00000000
0.99999992
0.99998694
0.99795274
0.90510610
0.32752578
-0.22794342
-0.40550615
-0.33030699
-0.18065529
-0.31750892
-0.74040143
-0.94438486
-0.98234091
-0.98574355
-0.97452296
-0.93816661
-0.87380405
-0.82421112
-0.81575580
-0.82432006
-0.83595833
-0.85242585
-0.86377587
-0.85139089
-0.81284514
-0.80222677
-0.87553198
-0.95129441
-0.98054837
-0.98817915
-0.98887206
-0.98382512
-0.96007887
-0.87598304
-0.77730588
-0.85946396
-0.96340279
-0.99114327
-0.99558489
-0.99322161
-0.96343212
-0.53433012
0.76507995
0.98439175
0.99823900
0.99970466
0.99992759
0.99996013
0.99992803
0.99962230
0.99716537
0.99033985
0.99401833
0.99912389
0.99986677
0.99991577
0.99972580
0.99761255
0.97241948
0.75202548
0.06756729
-0.34309301
-0.04773469
0.73241282
0.96120971
0.97659636
0.89456018
0.17891240
-0.65722098
-0.80507909
-0.76975858
-0.75428929
-0.87026977
-0.96433930
-0.98783609
-0.98752661
-0.96205677
-0.84875043
-0.60521409
-0.31313504
-0.00520095
0.17365523
0.00321759
-0.47180823
-0.73199649
-0.48831268
0.87516628
0.99990051
0.99999999
1.00000000
1.00000000
1.00000000
1.00000000
1.00000000
1.00000000
1.00000000
1.00000000
1.00000000
1.00000000
1.00000000
1.00000000
1.00000000
1.00000000
1.00000000
1.00000000
1.00000000
1.00000000
1.00000000
1.00000000
1.00000000
1.00000000
1.00000000
1.00000000
1.00000000
1.00000000
1.00000000
1.00000000
1.00000000
1.00000000
1.00000000
1.00000000
1.00000000
1.00000000
1.00000000
1.00000000
1.00000000
1.00000000
1.00000000
1.00000000
1.00000000
1.00000000
1.00000000
1.00000000
1.00000000
1.00000000
1.00000000
1.00000000
1.00000000
0.99999998
0.99999970
0.99999410
0.99992087
0.99949223
0.99838488
0.99711153
0.99670788
0.99652405
0.99361500
0.96766126
0.65693959
-0.49634092
-0.89839362
-0.93909027
-0.90074650
-0.76451206
-0.47482218
-0.04456806
0.35004146
0.53513801
0.47994045
0.08657651
-0.55941292
-0.88820037
-0.96574886
-0.98403760
-0.99167718
-0.99687593
-0.99925144
-0.99983901
-0.99990920
-0.99990920
-0.99949921
-0.96557555
0.67957860
0.99812943
0.99992167
0.99995193
0.99975569
0.99549241
0.84282880
-0.61208087
-0.98631802
-0.99898783
-0.99975771
-0.99984578
-0.99975866
-0.99847608
-0.93809043
0.68648316
0.99778000
0.99996149
0.99999816
0.99999989
1.00000000
1.00000000
1.00000000
1.00000000
0.99999954
0.66387965
-0.99990920
-0.99990920
-0.99990920
-0.99990920
-0.99990920
-0.99990920
-0.99990920
-0.99990920
-0.99990920
-0.99990920
-0.99990920
-0.99953192
-0.69243309
0.91320740
0.99531036
0.99919196
0.99954668
0.99766502
0.75921374
-0.99095180
-0.99990920
-0.99990920
-0.99990920
-0.99990920
-0.99990920
-0.99990920
-0.99990920
-0.99980434
0.37715261
0.98659620
0.94906189
0.33283867
-0.23056007
-0.21355283
-0.89315793
-0.99990920
-0.99990920
-0.99990920
-0.99990920
-0.99990920
-0.99990920
-0.99990920
-0.99990920
-0.99990920
-0.99990920
-0.99990920
-0.99990920
-0.99990920
-0.99990920
-0.99990920
-0.99990920
-0.99990920
-0.99990920
-0.99990920
-0.99990920
-0.99990920
-0.99990920
-0.99990920
-0.99990920
-0.99990920
-0.99990920
-0.99990920
-0.99990920
-0.99990920
-0.99990920
-0.99990920
-0.99990920
-0.99990920
-0.99990920
-0.99990920
-0.99990920
-0.99990920
-0.99990920
-0.99990920
-0.99990920
-0.99990920
-0.99990920
-0.99990920
-0.99990920
-0.99990920
-0.99908022
-0.47817245
0.93259593
0.94620231
0.02995653
-0.98385449
-0.99963235
-0.99990920
-0.99990920
-0.99949199
-0.98112477
0.12919392
0.98765673
0.99945008
0.99968449
0.99796671
0.93587330
-0.32548277
-0.97920149
-0.99929487
-0.99990920
-0.99990920
-0.99990920
-0.99990920
-0.99990920
-0.99990920
-0.99990920
-0.99882673
0.01542268
0.99475538
0.99990170
0.99999264
0.99999857
0.99999901
0.99999555
0.99989157
0.99630898
0.96365402
0.93845603
0.96586036
0.98338331
0.98460740
0.96122869
0.77247887
-0.15610344
-0.86808348
-0.98049790
-0.99565352
-0.99839360
-0.99867871
-0.99560469
-0.91154426
0.58958213
0.99283595
0.99934769
0.99927192
0.99570402
0.97055058
0.92461325
0.95133229
0.99170834
0.99934720
0.99993007
0.99997398
0.99996028
0.99982256
0.99825214
0.97594415
0.84533408
0.82330326
0.96282869
0.99618314
0.99941028
0.99980874
0.99988547
