1.00000000
1.00000000
1.00000000
0.99999996
0.99999994
0.99999997
0.99999997
0.99999976
0.99999189
0.99964763
0.98974098
0.81725170
-0.06018009
-0.59098566
-0.44150946
0.36154371
0.87434968
0.95327865
0.91549695
0.42246849
-0.78293614
-0.98311248
-0.99596862
-0.99531383
-0.97908996
-0.86614563
-0.66147014
-0.78400584
-0.95371386
-0.99060197
-0.99476214
-0.98496934
-0.71720568
0.93416617
0.99990589
0.99999976
0.99999998
0.99999985
0.99992867
0.89547275
-0.92042809
-0.99825850
-0.99974397
-0.99986949
-0.99987558
-0.99985399
-0.99983267
-0.99982386
-0.99982094
-0.99981279
-0.99979404
-0.99976635
-0.99974334
-0.99975037
-0.99979624
-0.99985339
-0.99989300
-0.99990920
-0.99990500
-0.99987622
-0.99979156
-0.99949701
-0.99796615
-0.98355879
-0.71447642
0.81975757
0.99883774
0.99999403
0.99999983
0.99999981
0.99999008
0.99534473
0.11070875
-0.95278200
-0.99289566
-0.99524811
-0.98798548
-0.83778728
0.83576909
0.99974660
0.99999970
1.00000000
1.00000000
1.00000000
1.00000000
1.00000000
0.99999999
0.99999998
0.99999997
0.99999998
0.99999999
0.99999998
0.99999992
0.99999975
0.99999980
0.99999996
1.00000000
1.00000000
1.00000000
1.00000000
0.99999999
0.99999988
0.99999891
0.99999805
0.99999953
0.99999999
1.00000000
1.00000000
1.00000000
1.00000000
1.00000000
1.00000000
1.00000000
1.00000000
1.00000000
1.00000000
1.00000000
1.00000000
1.00000000
0.99999981
0.99985207
0.98604886
0.88666434
0.85579169
0.93928354
0.98670674
0.99777393
0.99949234
0.99964957
0.99865300
0.97252639
0.16026727
-0.93858222
-0.99610513
-0.99923465
-0.99964626
-0.99973560
-0.99974887
-0.99973659
-0.99972634
-0.99973823
-0.99977109
-0.99980648
-0.99982940
-0.99983636
-0.99983120
-0.99981791
-0.99979248
-0.99973618
-0.99958700
-0.99903835
-0.99522185
-0.92307825
0.39664944
0.98841913
0.99933165
0.99955623
0.99790669
0.97646598
0.68681068
-0.53755211
-0.95581931
-0.99112585
-0.99307895
-0.98229005
-0.93071076
-0.83623436
-0.83383216
-0.88916263
-0.88658689
-0.66364189
0.48964304
0.98627596
0.99982208
0.99999505
0.99999916
0.99999887
0.99999189
0.99981431
0.99340119
0.89565611
0.75106242
0.88250964
0.96337530
0.96654510
0.87328833
0.35844612
-0.25312384
-0.27179215
0.15377482
0.65504628
0.92016670
0.99152272
0.99953747
0.99997439
0.99999706
0.99999929
0.99999984
0.99999999
1.00000000
1.00000000
1.00000000
1.00000000
1.00000000
1.00000000
1.00000000
1.00000000
0.99999999
0.99999745
0.99976171
0.98558819
0.36594012
-0.91764344
-0.99586365
-0.99932738
-0.99969408
-0.99974691
-0.99973913
-0.99972175
-0.99969986
-0.99966377
-0.99961926
-0.99959548
-0.99961432
-0.99965607
-0.99968139
-0.99966279
-0.99956574
-0.99924846
-0.99784611
-0.98754196
-0.88448247
-0.39955006
-0.15606529
-0.61879591
-0.91632249
-0.94726280
-0.69477338
0.82645917
0.99846315
0.99997125
0.99999788
0.99999960
0.99999983
0.99999972
0.99999827
0.99999116
0.99999397
0.99999966
0.99999999
1.00000000
1.00000000
0.99999999
0.99999866
0.99986745
0.99816651
0.99783026
0.99959254
0.99996201
0.99999501
0.99999851
0.99999923
0.99999964
0.99999991
0.99999999
1.00000000
1.00000000
1.00000000
1.00000000
1.00000000
1.00000000
1.00000000
1.00000000
1.00000000
1.00000000
1.00000000
1.00000000
1.00000000
0.99999961
0.99951924
0.95821958
0.95828855
0.99963527
0.99999991
1.00000000
1.00000000
1.00000000
1.00000000
1.00000000
1.00000000
1.00000000
0.99999998
0.99999028
0.99317456
0.27649442
-0.79141088
-0.87977437
-0.70530059
0.41055487
0.99095169
0.99997179
0.99999983
0.99999999
0.99999997
0.99999964
0.99999367
0.99989045
0.99713638
0.89348503
-0.17412896
-0.82566789
-0.91864436
-0.93266998
-0.92604825
-0.87931482
-0.67698536
-0.00356208
0.78492787
0.98368610
0.99922275
0.99993847
0.99997635
0.99994900
0.99980034
0.99966327
0.99984394
0.99996137
0.99999010
0.99999728
0.99999917
0.99999963
0.99999982
0.99999996
1.00000000
1.00000000
0.99999998
0.99999134
0.98896435
-0.42516155
-0.98596319
-0.99843541
-0.99942184
-0.99959100
-0.99961624
-0.99961067
-0.99959630
-0.99955302
-0.99945697
-0.99931629
-0.99919014
-0.99915092
-0.99921218
-0.99931419
-0.99937816
-0.99934527
-0.99914152
-0.99854881
-0.99665388
-0.98775539
-0.90377842
0.21234471
0.99217179
0.99998933
0.99999999
1.00000000
1.00000000
1.00000000
1.00000000
1.00000000
1.00000000
1.00000000
1.00000000
1.00000000
1.00000000
1.00000000
1.00000000
1.00000000
1.00000000
1.00000000
1.00000000
1.00000000
1.00000000
1.00000000
1.00000000
1.00000000
1.00000000
1.00000000
1.00000000
1.00000000
1.00000000
0.99999992
0.99999575
0.99995067
0.99984380
0.99985185
0.99992792
0.99995008
0.99987176
0.99837213
0.94991287
0.33122332
-0.28414915
0.00143390
0.58675825
0.73426620
0.37823990
-0.61486876
-0.95442876
-0.99154203
-0.99683323
-0.99812041
-0.99862716
-0.99879487
-0.99828716
-0.99289231
-0.84089491
0.88448460
0.99984376
0.99999980
1.00000000
1.00000000
1.00000000
1.00000000
1.00000000
1.00000000
0.99999999
0.99999999
1.00000000
1.00000000
1.00000000
1.00000000
0.99999967
0.99997638
0.99981563
0.99994335
0.99999859
0.99999998
1.00000000
1.00000000
1.00000000
1.00000000
1.00000000
1.00000000
0.99999831
0.99904622
0.90483191
0.66466083
0.97244195
0.99991303
0.99999980
0.99999999
0.99999996
0.99999608
0.99931532
0.98124392
0.93547341
0.88155002
0.65812133
0.10786275
0.03467789
0.79689249
0.99707613
0.99999079
0.99999998
1.00000000
1.00000000
1.00000000
1.00000000
1.00000000
1.00000000
1.00000000
0.99999999
1.00000000
1.00000000
1.00000000
0.99999999
0.99999999
1.00000000
1.00000000
1.00000000
1.00000000
1.00000000
1.00000000
1.00000000
1.00000000
0.99999980
0.99989386
0.92842754
-0.76647859
-0.99182656
-0.99875640
-0.99948825
-0.99965596
-0.99971891
-0.99975061
-0.99976480
-0.99976510
-0.99975442
-0.99972345
-0.99961272
-0.99909583
-0.99505016
-0.93135647
-0.07898433
0.86564109
0.97340982
0.98576636
0.98902496
0.99251903
0.99480599
0.99446629
0.99111478
0.98874262
0.99510630
0.99955322
0.99999006
0.99999987
1.00000000
1.00000000
1.00000000
0.99999999
0.99999995
0.99999963
0.99999767
0.99998473
0.99990072
0.99971776
0.99988583
0.99999570
0.99999997
1.00000000
1.00000000
1.00000000
1.00000000
1.00000000
1.00000000
1.00000000
0.99999915
0.99990860
0.99893943
0.99873302
0.99970399
0.99996322
0.99999271
0.99999527
0.99999216
0.99998913
0.99999566
0.99999957
0.99999997
1.00000000
1.00000000
1.00000000
1.00000000
1.00000000
1.00000000
1.00000000
1.00000000
1.00000000
1.00000000
1.00000000
1.00000000
1.00000000
0.99999783
0.99853430
0.98079489
0.98492051
0.99653327
0.99940540
0.99992561
0.99999578
0.99999991
1.00000000
1.00000000
1.00000000
1.00000000
1.00000000
1.00000000
1.00000000
1.00000000
1.00000000
1.00000000
1.00000000
1.00000000
1.00000000
1.00000000
1.00000000
0.99999999
0.99992036
0.84144726
-0.85178772
-0.98923458
-0.99721149
-0.99876657
-0.99935539
-0.99960436
-0.99966397
-0.99950095
-0.99815340
-0.97433434
-0.14210147
0.97948268
0.99984307
0.99999914
1.00000000
1.00000000
1.00000000
1.00000000
1.00000000
1.00000000
1.00000000
0.99999998
0.99997246
0.99936950
0.99990144
0.99999967
1.00000000
1.00000000
1.00000000
1.00000000
1.00000000
0.99999972
0.99999850
0.99999956
0.99999994
0.99999997
0.99999979
0.99999243
0.99975853
0.99777232
0.99261961
0.98368955
0.98149672
0.99600105
0.99987227
0.99999767
0.99999986
0.99999996
0.99999999
1.00000000
1.00000000
1.00000000
1.00000000
1.00000000
1.00000000
1.00000000
1.00000000
1.00000000
1.00000000
1.00000000
1.00000000
0.99999994
0.99999575
0.99998596
0.99999703
0.99999957
0.99999929
0.99996370
0.98586322
-0.34589728
-0.97978666
-0.99703772
-0.99843527
-0.99855527
-0.99859396
-0.99883314
-0.99912271
-0.99923630
-0.99891347
-0.99630337
-0.96157538
-0.32510256
0.84455010
0.96920050
0.95662910
0.82592205
0.64743819
0.86778940
0.99400858
0.99993915
0.99999966
1.00000000
1.00000000
1.00000000
1.00000000
1.00000000
1.00000000
1.00000000
1.00000000
1.00000000
1.00000000
0.99999999
0.99999990
0.99999976
0.99999997
1.00000000
1.00000000
1.00000000
1.00000000
1.00000000
1.00000000
1.00000000
1.00000000
1.00000000
1.00000000
1.00000000
1.00000000
1.00000000
1.00000000
1.00000000
1.00000000
1.00000000
1.00000000
1.00000000
1.00000000
1.00000000
1.00000000
0.99999998
0.99999952
0.99999381
0.99991017
0.99737312
0.87553518
-0.34273289
-0.80221198
-0.30826537
0.96912536
0.99996244
0.99999994
1.00000000
1.00000000
1.00000000
1.00000000
0.99999999
0.99999971
0.99999969
0.99999999
1.00000000
1.00000000
1.00000000
1.00000000
1.00000000
1.00000000
1.00000000
1.00000000
1.00000000
1.00000000
1.00000000
0.99999997
0.99992486
0.97279255
0.34121051
-0.19571609
0.37556286
0.94808036
0.99759662
0.99946495
0.99791934
0.90455901
-0.68495037
-0.99127045
-0.99900819
-0.99960310
-0.99969615
-0.99971605
-0.99973223
-0.99974906
-0.99975650
-0.99975323
-0.99975029
-0.99976094
-0.99978575
-0.99981475
-0.99983942
-0.99985572
-0.99986218
-0.99985818
-0.99984173
-0.99980810
-0.99975467
-0.99969502
-0.99966525
-0.99969073
-0.99974903
-0.99979645
-0.99980843
-0.99977983
-0.99972587
-0.99970188
-0.99975119
-0.99982852
-0.99988063
-0.99990296
-0.99990775
-0.99990406
-0.99989457
-0.99987642
-0.99984312
-0.99978762
-0.99971378
-0.99965173
-0.99963555
-0.99965144
-0.99964686
-0.99955222
-0.99917981
-0.99762323
-0.98916684
-0.92787925
-0.39712915
0.85040783
0.99835620
0.99999268
0.99999995
1.00000000
1.00000000
0.99999998
0.99999957
0.99999149
0.99991359
0.99962049
0.99914690
0.99863124
0.99818481
0.99832682
0.99907579
0.99957992
0.99969148
0.99946001
0.99832178
0.99519572
0.99176469
0.99136177
0.99240416
0.99229372
0.99025516
0.98828955
0.99206141
0.99815307
0.99987227
0.99999635
0.99999992
1.00000000
1.00000000
1.00000000
1.00000000
1.00000000
1.00000000
1.00000000
1.00000000
1.00000000
1.00000000
1.00000000
1.00000000
1.00000000
1.00000000
1.00000000
1.00000000
1.00000000
1.00000000
1.00000000
0.99999992
0.99999981
0.99999993
0.99999998
1.00000000
1.00000000
0.99999999
0.99999878
0.99839359
-0.29398628
-0.99743621
-0.99990920
-0.99990920
-0.99990920
-0.99990920
-0.99990920
-0.99983585
-0.98258905
0.75015450
0.99987836
0.99999993
1.00000000
1.00000000
1.00000000
1.00000000
1.00000000
0.99999892
0.99901178
0.51856841
-0.97732038
-0.99972646
-0.99990920
-0.99990920
-0.99990920
-0.99990920
-0.99990920
-0.99990920
-0.99990920
-0.99990920
-0.99990920
-0.99990920
-0.99990920
-0.99990920
-0.99990920
-0.99990920
-0.99990920
-0.99990920
-0.99990920
-0.99990920
-0.99990920
-0.99990920
-0.99990920
-0.99990920
-0.99990920
-0.99990920
-0.99990920
-0.99990920
-0.99990920
-0.99990920
-0.99990920
-0.99990920
-0.99990920
-0.99990920
-0.99990920
-0.99990920
-0.99990920
-0.99990920
-0.99990920
-0.99990920
-0.99990920
-0.99990920
-0.99990920
-0.99990920
-0.99990920
-0.99990920
-0.99990920
-0.99990920
-0.99990920
-0.99990920
-0.99990920
-0.99990920
-0.99990920
-0.99990920
-0.99990920
-0.99984922
-0.99872920
-0.95493054
0.56996378
0.99814502
0.99998342
0.99999848
0.99999800
0.99997870
0.99926800
0.97162180
0.61766585
0.08602406
0.25360195
0.80016828
0.98647066
0.99974411
0.99999866
1.00000000
1.00000000
1.00000000
1.00000000
1.00000000
1.00000000
0.99999966
0.99897596
0.36950940
-0.93232601
-0.95160155
-0.04306265
0.99599138
0.99999488
0.99999997
1.00000000
1.00000000
1.00000000
1.00000000
1.00000000
1.00000000
0.99999994
0.99999852
0.99998347
0.99991290
0.99968464
0.99908343
0.99815296
0.99773821
0.99818828
0.99862116
0.99816202
0.99344119
0.95178435
0.73196200
0.57782091
0.87683458
0.99439676
0.99988453
0.99999637
0.99999969
0.99999993
0.99999996
0.99999989
0.99999856
0.99997058
0.99988593
0.99998477
0.99999991
1.00000000
1.00000000
1.00000000
1.00000000
0.99999995
0.99999676
0.99999253
0.99999967
1.00000000
1.00000000
1.00000000
1.00000000
