0.99985104
0.99991005
0.99990148
0.99954212
0.99368937
0.91535840
0.56272060
0.20539813
0.18484724
0.37144264
0.54488886
0.64523958
0.75185086
0.89787766
0.98252040
0.99846920
0.99981392
0.99987124
0.99893894
0.95025467
-0.16793133
-0.91929823
-0.97686130
-0.97852890
-0.96155180
-0.90519300
-0.71092993
-0.12911791
0.61785186
0.93008947
0.99365050
0.99982512
0.99999870
0.99999999
1.00000000
1.00000000
0.99999993
0.99984856
0.78574652
-0.91441184
-0.99464749
-0.99816146
-0.99846843
-0.99840490
-0.99854164
-0.99887728
-0.99915815
-0.99927125
-0.99919260
-0.99878714
-0.99751738
-0.99418834
-0.98973486
-0.99090989
-0.99612823
-0.99886206
-0.99964586
-0.99985307
-0.99990920
-0.99990347
-0.99980917
-0.99941861
-0.99810671
-0.99455547
-0.98396533
-0.93897167
-0.72506327
-0.13337066
0.42563593
0.66395810
0.74683805
0.77640036
0.77969858
0.74797197
0.65642468
0.49550745
0.32700192
0.23341791
0.16895844
-0.03801228
-0.46572626
-0.80441806
-0.90849760
-0.87962927
-0.48154027
0.70106046
0.98303917
0.99827246
0.99940232
0.99947275
0.99955137
0.99987691
0.99999354
0.99999990
1.00000000
1.00000000
1.00000000
0.99999996
0.99999455
0.99981462
0.99952903
0.99991573
0.99999764
0.99999996
1.00000000
1.00000000
1.00000000
1.00000000
0.99999999
0.99999998
0.99999999
1.00000000
1.00000000
1.00000000
1.00000000
0.99999952
0.99798367
0.51834028
-0.63802821
-0.73867687
-0.52081270
-0.12797088
0.11448397
0.10069459
-0.07692870
-0.29526640
-0.45673299
-0.52919128
-0.55071188
-0.61850469
-0.78226640
-0.92626511
-0.98138008
-0.99468247
-0.99762665
-0.99812056
-0.99749111
-0.99523945
-0.98995570
-0.98204378
-0.97773279
-0.98156855
-0.98860731
-0.99377552
-0.99645247
-0.99740752
-0.99671482
-0.98988227
-0.91198621
0.00527625
0.93615997
0.99695873
0.99974239
0.99996482
0.99999281
0.99999685
0.99999490
0.99996384
0.99927396
0.98105193
0.73287193
0.05461610
-0.24448818
-0.12069437
0.19220062
0.47287343
0.66748638
0.82889596
0.94672778
0.99028362
0.99823350
0.99928937
0.99912641
0.99818342
0.99767795
0.99879622
0.99953251
0.99964315
0.99929715
0.99798035
0.99525248
0.99082876
0.98182360
0.97028161
0.98007810
0.99676006
0.99979690
0.99997812
0.99998268
0.99987502
0.99714633
0.94412748
0.57684648
-0.06450003
-0.40154670
-0.31632222
0.36289799
0.93242727
0.99750434
0.99994947
0.99999961
1.00000000
1.00000000
1.00000000
1.00000000
0.99999981
0.99999790
0.99999818
0.99999862
0.99999297
0.99973088
0.97512213
0.02929801
-0.93215818
-0.99234020
-0.99744960
-0.99820996
-0.99817750
-0.99771290
-0.99632687
-0.99224315
-0.98201070
-0.96718164
-0.96272460
-0.97258700
-0.98231886
-0.98446777
-0.97367061
-0.91213983
-0.61197818
0.14965538
0.74591691
0.93499055
0.97893427
0.98942992
0.99322260
0.99638233
0.99851780
0.99929245
0.99945108
0.99940980
0.99935328
0.99930444
0.99920905
0.99918390
0.99940782
0.99966329
0.99971976
0.99931993
0.99472204
0.93794389
0.66286426
0.53242444
0.83267554
0.98535170
0.99942402
0.99997849
0.99999873
0.99999987
0.99999998
0.99999999
0.99999999
0.99999990
0.99999734
0.99993257
0.99951868
0.99941168
0.99981674
0.99997541
0.99999887
0.99999999
1.00000000
1.00000000
1.00000000
1.00000000
1.00000000
1.00000000
0.99999998
0.99999877
0.99999289
0.99998657
0.99997239
0.99991092
0.99983435
0.99997835
0.99999997
1.00000000
1.00000000
1.00000000
1.00000000
1.00000000
1.00000000
0.99999593
0.99981496
0.99947053
0.99938311
0.99893802
0.99650416
0.98710889
0.97441419
0.98532627
0.99868876
0.99998638
0.99999995
1.00000000
1.00000000
0.99999993
0.99995879
0.99115729
0.83741347
0.59415345
0.55048680
0.61167560
0.72892224
0.88242579
0.98141309
0.99943757
0.99999723
0.99999999
1.00000000
1.00000000
1.00000000
1.00000000
1.00000000
1.00000000
1.00000000
1.00000000
1.00000000
1.00000000
1.00000000
1.00000000
1.00000000
0.99999957
0.99680881
0.78687243
0.16147206
-0.39736243
-0.78418561
-0.93323492
-0.97312252
-0.98497802
-0.99032812
-0.99365288
-0.99532477
-0.99512227
-0.99146526
-0.97653242
-0.92433500
-0.79089139
-0.56085686
-0.25775981
0.05075814
0.20758264
0.06829422
-0.35521060
-0.68356985
-0.72866798
-0.40056338
0.47338616
0.90469982
0.97755528
0.99199018
0.99673500
0.99837336
0.99839050
0.99629241
0.99031582
0.98988729
0.99719432
0.99969724
0.99997354
0.99999533
0.99999569
0.99997239
0.99946933
0.99176407
0.95233735
0.90014260
0.90598487
0.96179022
0.99518350
0.99984612
0.99999820
0.99999998
1.00000000
1.00000000
1.00000000
1.00000000
1.00000000
1.00000000
1.00000000
1.00000000
0.99999999
0.99999995
0.99999954
0.99999344
0.99992173
0.99936474
0.99607322
0.98239045
0.95379955
0.92971835
0.91976007
0.91077122
0.89254791
0.85611018
0.77918971
0.62421655
0.39007102
0.16973384
0.01926911
-0.13933427
-0.37682473
-0.60054233
-0.69563837
-0.64950307
-0.43161604
0.08896864
0.79691530
0.99232363
0.99991057
0.99999869
0.99999991
0.99999996
0.99999993
0.99999965
0.99999349
0.99948892
0.94245978
-0.00806243
-0.54948426
-0.02264553
0.88992514
0.99700295
0.99994002
0.99999918
0.99999999
1.00000000
1.00000000
1.00000000
1.00000000
1.00000000
0.99999993
0.99999942
0.99999712
0.99998737
0.99993283
0.99940333
0.99136123
0.90234892
0.70988247
0.86904430
0.99376786
0.99994318
0.99999956
0.99999998
0.99999999
0.99999978
0.99998375
0.99882626
0.97457009
0.90023128
0.92892653
0.99004430
0.99959751
0.99998987
0.99999971
0.99999999
1.00000000
1.00000000
1.00000000
1.00000000
1.00000000
1.00000000
1.00000000
0.99999999
1.00000000
1.00000000
1.00000000
0.99999998
0.99999871
0.99997840
0.99995994
0.99996889
0.99994143
0.99951463
0.99166121
0.90896145
0.67227971
0.47913853
0.31397567
-0.03826750
-0.54529252
-0.84945692
-0.94738952
-0.97695256
-0.98873647
-0.99439433
-0.99667207
-0.99671883
-0.99305016
-0.96871641
-0.79424063
-0.11020527
0.55512048
0.77869563
0.83251635
0.82890329
0.78116728
0.66753212
0.50252545
0.42302959
0.53133121
0.69944356
0.77059826
0.69956888
0.39877933
-0.11846284
-0.51008178
-0.67089906
-0.69344983
-0.62378142
-0.48503657
-0.32173254
-0.14920272
0.06767430
0.29615304
0.42281412
0.40286415
0.28636782
0.18500766
0.16650905
0.20114668
0.28858718
0.54591934
0.89056402
0.99352767
0.99982291
0.99999118
0.99999698
0.99999056
0.99989955
0.99913753
0.99763917
0.99835722
0.99972348
0.99999302
0.99999999
1.00000000
1.00000000
1.00000000
1.00000000
1.00000000
1.00000000
0.99999995
0.99999917
0.99997761
0.99877500
0.95660304
0.70395807
0.56312535
0.67075425
0.76376147
0.76141800
0.64441598
0.39035984
0.09541347
-0.07136269
-0.05318587
0.12601809
0.40076376
0.67001481
0.84847334
0.92755531
0.94871780
0.93808607
0.91361176
0.93615465
0.98705393
0.99921600
0.99995956
0.99999262
0.99998924
0.99992078
0.99923715
0.99677617
0.99417374
0.98982784
0.96267949
0.71935631
-0.27414954
-0.83589489
-0.93600516
-0.95401547
-0.95850500
-0.96338298
-0.96889652
-0.97361979
-0.97857239
-0.98416561
-0.98853138
-0.98951457
-0.98300919
-0.93668222
-0.50228532
0.77665921
0.99300108
0.99973485
0.99997854
0.99999699
0.99999967
0.99999999
1.00000000
1.00000000
1.00000000
1.00000000
1.00000000
1.00000000
1.00000000
0.99999999
0.99999989
0.99999830
0.99993095
0.99572098
0.92505708
0.93212941
0.99791242
0.99999051
0.99999991
0.99999999
0.99999995
0.99999904
0.99998415
0.99992685
0.99987658
0.99981491
0.99962369
0.99920067
0.99860354
0.99732282
0.99200121
0.97569295
0.97930739
0.99849878
0.99998703
0.99999987
0.99999998
0.99999997
0.99999996
1.00000000
1.00000000
1.00000000
1.00000000
1.00000000
1.00000000
0.99999956
0.99882112
0.77232089
-0.31991759
-0.61050680
-0.47921988
-0.12630899
0.14164377
0.04819264
-0.39734585
-0.77609553
-0.90385478
-0.92233120
-0.87188103
-0.62664294
0.17359772
0.85423974
0.97873347
0.99305480
0.99284068
0.98218203
0.94979329
0.94283934
0.99023593
0.99981660
0.99999873
0.99999996
0.99999996
0.99999811
0.99958443
0.95660801
0.45009029
-0.03506961
0.13013886
0.63694202
0.92476333
0.98889538
0.99846988
0.99972741
0.99989949
0.99989855
0.99976647
0.99922284
0.99752471
0.99433239
0.99178160
0.99144086
0.99164002
0.99090760
0.98747047
0.97372486
0.92183297
0.81791452
0.84139665
0.97297544
0.99931764
0.99999447
0.99999990
0.99999995
0.99999885
0.99966388
0.92949352
0.03642158
-0.37774165
0.04608374
0.79229865
0.98544001
0.99912053
0.99990553
0.99997876
0.99999290
0.99999741
0.99999885
0.99999918
0.99999910
0.99999899
0.99999906
0.99999905
0.99999861
0.99999786
0.99999832
0.99999968
0.99999999
1.00000000
1.00000000
1.00000000
1.00000000
1.00000000
1.00000000
0.99999965
0.99994093
0.99861044
0.99296513
0.98446864
0.97626855
0.97014244
0.96448511
0.95319287
0.93092283
0.89493580
0.81438789
0.50235994
-0.40121307
-0.92697041
-0.99188320
-0.99823431
-0.99914087
-0.99920483
-0.99889780
-0.99826183
-0.99768009
-0.99782784
-0.99851223
-0.99907446
-0.99934851
-0.99942632
-0.99938651
-0.99927722
-0.99914699
-0.99905524
-0.99904943
-0.99910794
-0.99913465
-0.99903408
-0.99876840
-0.99844358
-0.99831652
-0.99846201
-0.99867569
-0.99879233
-0.99876750
-0.99859094
-0.99827525
-0.99794863
-0.99790210
-0.99828571
-0.99882297
-0.99919444
-0.99933336
-0.99927000
-0.99902884
-0.99874478
-0.99870620
-0.99892516
-0.99907646
-0.99886822
-0.99770461
-0.99351793
-0.98253534
-0.96453015
-0.94034752
-0.89999265
-0.83524525
-0.76535389
-0.72179889
-0.71924970
-0.74919973
-0.75881239
-0.64349087
-0.16905315
0.54687885
0.83572975
0.86511100
0.74132298
0.41082713
0.14636429
0.29559726
0.68265028
0.89242693
0.94614553
0.94698202
0.92126773
0.89430489
0.90361528
0.92684661
0.92482483
0.87154227
0.73971378
0.60820066
0.61911460
0.73047517
0.81676140
0.83070654
0.74933934
0.51976484
0.20835608
0.04173015
0.08630218
0.25934897
0.48381541
0.76378710
0.96718914
0.99923258
0.99999413
0.99999990
0.99999998
0.99999997
0.99999995
0.99999999
1.00000000
1.00000000
1.00000000
0.99999921
0.99993611
0.99978602
0.99993860
0.99998381
0.99997885
0.99986415
0.99819326
0.96998902
0.43313807
-0.91330933
-0.99911338
-0.99990920
-0.99990920
-0.99990920
-0.99990920
-0.99990920
-0.99990920
-0.99990920
-0.99990920
-0.99990920
-0.99990920
-0.99990920
-0.99458723
-0.68677534
0.67171478
0.95917374
0.98945669
0.99469616
0.99421721
0.97998019
0.72698070
-0.81783844
-0.99846415
-0.99990920
-0.99990920
-0.99990920
-0.99990920
-0.99990920
-0.99990920
-0.99990920
-0.99990920
-0.99990920
-0.99990920
-0.99990920
-0.99990920
-0.99990920
-0.99990920
-0.99990920
-0.99990920
-0.99990920
-0.99990920
-0.99990920
-0.99990920
-0.99990920
-0.99990920
-0.99990920
-0.99990920
-0.99990920
-0.99990920
-0.99990920
-0.99990920
-0.99990920
-0.99990920
-0.99990920
-0.99990920
-0.99990920
-0.99990920
-0.99990920
-0.99990920
-0.99990920
-0.99990920
-0.99990920
-0.99990920
-0.99990920
-0.99990920
-0.99990920
-0.99990920
-0.99990920
-0.99990920
-0.99990920
-0.99990920
-0.99990920
-0.99990920
-0.99990920
-0.99990920
-0.99990920
-0.99990920
-0.99990920
-0.99990920
-0.99948283
-0.97702865
-0.37140592
0.70605964
0.83409343
0.53901565
-0.49535247
-0.95215893
-0.99609909
-0.99946897
-0.99970061
-0.99779464
-0.68999143
0.99170304
0.99998821
0.99999956
0.99999931
0.99999278
0.99993932
0.99972182
0.99791254
0.93676402
-0.49400095
-0.99033968
-0.99941820
-0.99978104
-0.99952076
-0.99464426
-0.79064249
0.80769726
0.99529736
0.99937799
0.99913305
0.99288110
0.92471744
0.74561928
0.76957470
0.89738202
0.94420122
0.93186382
0.86286405
0.84108031
0.96646376
0.99928548
0.99999668
0.99999998
1.00000000
0.99999999
0.99999937
0.99987873
0.99293844
0.92805121
0.75727567
0.43091892
-0.05646159
-0.40700865
-0.49371567
-0.38521082
-0.04260320
0.67594532
0.99099485
0.99998099
0.99999999
1.00000000
1.00000000
1.00000000
0.99999997
0.99999499
0.99980687
0.99898776
0.99806448
0.99481720
0.97109071
0.82643946
0.45822135
0.11918993
-0.03846471
