0.24615185
-0.43157470
-0.88214856
-0.95665314
-0.94272472
-0.85338803
-0.78885603
-0.91607844
-0.98834021
-0.99840833
-0.99955388
-0.99973058
-0.99974061
-0.99970942
-0.99969782
-0.99973775
-0.99980240
-0.99985368
-0.99988266
-0.99989610
-0.99990071
-0.99989889
-0.99988942
-0.99987087
-0.99984824
-0.99983642
-0.99984534
-0.99986171
-0.99985834
-0.99977896
-0.99926347
-0.99341260
-0.87192021
0.24085908
0.87937260
0.91514987
0.57932957
-0.74329041
-0.98995228
-0.99916277
-0.99978788
-0.99988094
-0.99990121
-0.99990561
-0.99990655
-0.99990712
-0.99990796
-0.99990883
-0.99990920
-0.99990876
-0.99990768
-0.99990661
-0.99990611
-0.99990615
-0.99990622
-0.99990598
-0.99990560
-0.99990534
-0.99990482
-0.99990144
-0.99988733
-0.99983987
-0.99968292
-0.99915731
-0.99778214
-0.99619071
-0.99635559
-0.99756215
-0.99847224
-0.99905551
-0.99946819
-0.99971632
-0.99983267
-0.99987947
-0.99989615
-0.99990032
-0.99989903
-0.99989446
-0.99988651
-0.99987251
-0.99983549
-0.99967371
-0.99825348
-0.95595449
0.41123942
0.99175727
0.99933690
0.99918917
0.99745166
0.99877405
0.99997775
0.99999995
1.00000000
1.00000000
1.00000000
1.00000000
1.00000000
0.99999997
0.99999978
0.99999952
0.99999978
0.99999993
0.99999992
0.99999926
0.99996075
0.99612840
0.80162519
-0.18516334
-0.53569391
-0.26574482
0.45835407
0.87069636
0.94884803
0.92356937
0.64506661
-0.24011100
-0.74497675
-0.88127360
-0.95217570
-0.98897021
-0.99805607
-0.99953519
-0.99979722
-0.99984293
-0.99980688
-0.99965495
-0.99925067
-0.99861574
-0.99848990
-0.99909064
-0.99959361
-0.99980202
-0.99987311
-0.99989650
-0.99990370
-0.99990541
-0.99990492
-0.99990327
-0.99990130
-0.99990007
-0.99990014
-0.99990133
-0.99990301
-0.99990450
-0.99990533
-0.99990530
-0.99990441
-0.99990264
-0.99989985
-0.99989545
-0.99988749
-0.99987054
-0.99983321
-0.99976076
-0.99966123
-0.99960775
-0.99966122
-0.99975809
-0.99982657
-0.99986045
-0.99987614
-0.99988588
-0.99989368
-0.99989892
-0.99990115
-0.99990145
-0.99990139
-0.99990154
-0.99990114
-0.99989737
-0.99988140
-0.99981827
-0.99950471
-0.99685244
-0.95781937
-0.52712432
0.19315367
0.00287159
-0.79385540
-0.98695835
-0.99879667
-0.99970255
-0.99982788
-0.99984125
-0.99983117
-0.99982721
-0.99983733
-0.99984995
-0.99984878
-0.99981584
-0.99970903
-0.99939682
-0.99853330
-0.99666805
-0.99398013
-0.98998851
-0.97390851
-0.80862318
0.51512577
0.98848492
0.99963331
0.99995182
0.99996879
0.99992055
0.99941955
0.99181735
0.87044193
0.01759328
-0.82924622
-0.98126881
-0.99763796
-0.99951786
-0.99981480
-0.99988099
-0.99989784
-0.99990138
-0.99990190
-0.99990250
-0.99990339
-0.99990395
-0.99990383
-0.99990333
-0.99990283
-0.99990228
-0.99990135
-0.99989994
-0.99989793
-0.99989245
-0.99987078
-0.99978134
-0.99933465
-0.99640884
-0.98038225
-0.95436040
-0.96838611
-0.98802919
-0.99198112
-0.98040018
-0.88615365
-0.58587647
-0.57498843
-0.87423038
-0.97724062
-0.99011685
-0.97508378
-0.65810835
0.79733243
0.98930796
0.99517742
0.97130637
0.36789378
-0.89659356
-0.99344224
-0.99852238
-0.99871241
-0.99563550
-0.94148036
0.16327815
0.98058125
0.99946704
0.99993006
0.99995284
0.99989986
0.99960097
0.99834183
0.99640747
0.99677142
0.99820453
0.99926072
0.99987327
0.99999498
0.99999993
1.00000000
1.00000000
1.00000000
1.00000000
0.99999999
0.99999997
0.99999956
0.99998393
0.99968041
0.99913667
0.99954431
0.99974240
0.99948095
0.99716160
0.98451350
0.95637352
0.94540044
0.96567550
0.97953530
0.96177845
0.61755204
-0.79332856
-0.98989198
-0.99809707
-0.99876265
-0.99868020
-0.99853831
-0.99820749
-0.99701971
-0.99364761
-0.98663975
-0.97700141
-0.97028450
-0.97501122
-0.98824613
-0.99660117
-0.99909591
-0.99965895
-0.99978235
-0.99978933
-0.99975908
-0.99974007
-0.99974948
-0.99973735
-0.99954802
-0.99800512
-0.97407846
-0.51731707
0.67080045
0.90517599
0.86304067
0.34456734
-0.76166735
-0.98149459
-0.99706196
-0.99846482
-0.99775523
-0.99514403
-0.99281834
-0.99501818
-0.99791422
-0.99911957
-0.99951592
-0.99967859
-0.99977558
-0.99983891
-0.99987494
-0.99989209
-0.99989855
-0.99990031
-0.99990097
-0.99990202
-0.99990328
-0.99990403
-0.99990405
-0.99990376
-0.99990359
-0.99990348
-0.99990314
-0.99990267
-0.99990266
-0.99990357
-0.99990523
-0.99990676
-0.99990686
-0.99990179
-0.99987669
-0.99975233
-0.99871441
-0.97476482
-0.14387720
0.94716141
0.99274920
0.98405965
0.74900967
-0.54656083
-0.91904271
-0.94222073
-0.88872850
-0.71654246
-0.32926450
0.27777351
0.69329042
0.75793929
0.46177601
-0.21445188
-0.42139318
0.08179803
0.74152080
0.91404763
0.93212805
0.91741611
0.91197364
0.92200026
0.91262621
0.81990322
0.47061367
-0.10346897
-0.48076087
-0.70873985
-0.88081079
-0.96404253
-0.98912408
-0.99597285
-0.99818852
-0.99909651
-0.99953017
-0.99973572
-0.99982008
-0.99983876
-0.99981644
-0.99977377
-0.99975208
-0.99978057
-0.99983198
-0.99987108
-0.99989132
-0.99989938
-0.99990195
-0.99990276
-0.99990312
-0.99990299
-0.99990139
-0.99989625
-0.99988445
-0.99985870
-0.99978829
-0.99949577
-0.99728766
-0.96467624
-0.52466197
0.35451047
0.41609390
-0.12101639
-0.54639412
-0.44333465
0.39630389
0.96383297
0.99942980
0.99999219
0.99999965
0.99999987
0.99999948
0.99998735
0.99937736
0.98483506
0.94046213
0.96902279
0.99488238
0.99850142
0.99667009
0.93571502
-0.33874343
-0.97852864
-0.99843009
-0.99958086
-0.99972988
-0.99974943
-0.99975284
-0.99974037
-0.99963516
-0.99903702
-0.99360185
-0.88032795
0.58986721
0.99610704
0.99995256
0.99999380
0.99997675
0.99908209
0.94947510
0.34133535
-0.20803053
0.40523957
0.98833720
0.99999107
1.00000000
1.00000000
1.00000000
1.00000000
0.99999999
0.99998743
0.99678618
0.96590402
0.97910862
0.99702204
0.99933893
0.99911121
0.99276547
0.88671058
0.19197390
-0.61775225
-0.91674486
-0.98661778
-0.99786485
-0.99949748
-0.99979585
-0.99987041
-0.99989320
-0.99990043
-0.99990230
-0.99990224
-0.99990181
-0.99990179
-0.99990216
-0.99990251
-0.99990258
-0.99990241
-0.99990205
-0.99990141
-0.99990036
-0.99989886
-0.99989655
-0.99989224
-0.99988386
-0.99987005
-0.99985363
-0.99984323
-0.99984643
-0.99986030
-0.99987515
-0.99988406
-0.99988347
-0.99986733
-0.99981471
-0.99965281
-0.99915606
-0.99802028
-0.99712634
-0.99789510
-0.99899216
-0.99947114
-0.99950609
-0.99868990
-0.98484606
-0.49623419
0.87233878
0.97724984
0.93171597
0.18896382
-0.85270816
-0.97532553
-0.98998168
-0.99275428
-0.98994241
-0.96031067
-0.54824671
0.80800407
0.99001338
0.99785421
0.99827422
0.99851075
0.99942226
0.99990680
0.99999654
0.99999999
1.00000000
1.00000000
1.00000000
1.00000000
1.00000000
0.99999294
0.98976472
0.52460268
-0.57035065
-0.94392064
-0.99440740
-0.99920015
-0.99976249
-0.99986512
-0.99988899
-0.99989379
-0.99989317
-0.99989039
-0.99988639
-0.99988136
-0.99987192
-0.99984587
-0.99977284
-0.99959084
-0.99926081
-0.99899380
-0.99901429
-0.99892871
-0.99712986
-0.95867609
0.37969130
0.99706658
0.99996839
0.99998746
0.99967191
0.91662653
-0.77632850
-0.99141183
-0.99847542
-0.99939863
-0.99969349
-0.99981816
-0.99986930
-0.99988841
-0.99989502
-0.99989792
-0.99990027
-0.99990240
-0.99990371
-0.99990389
-0.99990336
-0.99990283
-0.99990214
-0.99989865
-0.99988329
-0.99982369
-0.99953896
-0.99718849
-0.95708227
-0.23430716
0.87396024
0.98392499
0.99097885
0.98737821
0.99191137
0.99950112
0.99999686
0.99999999
1.00000000
1.00000000
0.99999975
0.99975400
0.95992441
0.91632028
0.99858146
0.99999902
1.00000000
1.00000000
0.99999999
0.99998454
0.95083697
-0.78183851
-0.99026639
-0.99769828
-0.99819338
-0.99615035
-0.98376002
-0.92590256
-0.79229105
-0.69851583
-0.75561366
-0.87200295
-0.92858863
-0.89259632
-0.21278460
0.97850704
0.99998402
1.00000000
1.00000000
1.00000000
1.00000000
1.00000000
1.00000000
0.99999998
0.99999998
0.99999997
0.99999885
0.99940956
0.60057187
-0.96324377
-0.99866710
-0.99974591
-0.99986933
-0.99989490
-0.99990150
-0.99990418
-0.99990630
-0.99990784
-0.99990811
-0.99990580
-0.99989722
-0.99987178
-0.99980183
-0.99962710
-0.99931026
-0.99909084
-0.99926192
-0.99953133
-0.99959041
-0.99901013
-0.98817312
-0.48240801
0.93726323
0.99612934
0.99427468
0.85681399
-0.71781061
-0.99159048
-0.99908922
-0.99965207
-0.99969275
-0.99952529
-0.99875758
-0.99345476
-0.91574573
0.22272593
0.98401973
0.99988702
0.99999961
1.00000000
1.00000000
1.00000000
1.00000000
1.00000000
1.00000000
1.00000000
1.00000000
0.99999981
0.99851475
0.43077013
-0.80284368
-0.87603268
-0.72809087
-0.39215590
-0.15416865
-0.25850697
-0.65474245
-0.92667739
-0.98841267
-0.99744512
-0.99899518
-0.99936062
-0.99947614
-0.99955417
-0.99964251
-0.99970581
-0.99968237
-0.99937390
-0.99676424
-0.94479585
0.16975463
0.97594386
0.99864891
0.99934700
0.99721135
0.95630617
0.45766341
-0.26268776
0.06197945
0.89433792
0.99737630
0.99991605
0.99999472
0.99999971
0.99999999
1.00000000
1.00000000
1.00000000
0.99999998
0.99991775
0.85949563
-0.88505150
-0.99572129
-0.99931398
-0.99967391
-0.99964608
-0.99926998
-0.99784532
-0.99455591
-0.99327362
-0.99659935
-0.99897626
-0.99967087
-0.99984243
-0.99988930
-0.99990283
-0.99990646
-0.99990720
-0.99990713
-0.99990686
-0.99990675
-0.99990696
-0.99990740
-0.99990761
-0.99990712
-0.99990607
-0.99990518
-0.99990509
-0.99990555
-0.99990575
-0.99990511
-0.99990379
-0.99990238
-0.99990155
-0.99990170
-0.99990284
-0.99990447
-0.99990587
-0.99990663
-0.99990690
-0.99990715
-0.99990771
-0.99990857
-0.99990920
-0.99990920
-0.99990920
-0.99990882
-0.99990787
-0.99990728
-0.99990726
-0.99990764
-0.99990800
-0.99990789
-0.99990710
-0.99990576
-0.99990425
-0.99990298
-0.99990195
-0.99990053
-0.99989595
-0.99987887
-0.99981673
-0.99956262
-0.99826478
-0.99128714
-0.96638434
-0.93099870
-0.93088152
-0.96604335
-0.99102971
-0.99816466
-0.99952448
-0.99979687
-0.99986507
-0.99988485
-0.99989062
-0.99989159
-0.99989038
-0.99988801
-0.99988494
-0.99988058
-0.99987412
-0.99986663
-0.99986222
-0.99986491
-0.99987390
-0.99988444
-0.99989274
-0.99989767
-0.99989941
-0.99989724
-0.99988719
-0.99985738
-0.99977399
-0.99954041
-0.99886718
-0.99624075
-0.96503940
0.31985816
0.99961913
0.99999997
1.00000000
1.00000000
1.00000000
0.99999998
0.99999991
0.99999995
0.99999994
0.99999966
0.99999617
0.99998885
0.99999573
0.99999940
0.99999988
0.99999996
0.99999999
0.99999999
0.99999993
0.99999383
0.99735350
0.28209910
-0.97052001
-0.99864263
-0.99973055
-0.99985745
-0.99987399
-0.99986115
-0.99982329
-0.99969640
-0.99907340
-0.99477029
-0.96859071
-0.91811599
-0.93426971
-0.96948375
-0.97465392
-0.93692688
-0.77547476
-0.67096405
-0.88874563
-0.98871374
-0.99889323
-0.99976912
-0.99989368
-0.99990920
-0.99990920
-0.99990920
-0.99990920
-0.99990920
-0.99990920
-0.99990920
-0.99990920
-0.99990920
-0.99990920
-0.99990920
-0.99990920
-0.99990920
-0.99990920
-0.99990920
-0.99990920
-0.99990920
-0.99990920
-0.99990920
-0.99990920
-0.99990920
-0.99990920
-0.99990920
-0.99990920
-0.99990920
-0.99990920
-0.99990920
-0.99990920
-0.99990920
-0.99990920
-0.99990920
-0.99990920
-0.99990920
-0.99990920
-0.99990920
-0.99990920
-0.99990920
-0.99990920
-0.99990920
-0.99990920
-0.99990920
-0.99990920
-0.99990920
-0.99990920
-0.99990920
-0.99990920
-0.99990920
-0.99990920
-0.99990248
-0.99988582
-0.99987515
-0.99987726
-0.99988744
-0.99989501
-0.99988902
-0.99984585
-0.99966732
-0.99884889
-0.99523204
-0.98627294
-0.98181456
-0.98895209
-0.99582166
-0.99854200
-0.99930812
-0.99934882
-0.99828158
-0.98398853
-0.61419407
0.82264412
0.98928334
0.99670010
0.99519837
0.98352340
0.91182331
0.40427739
-0.71650489
-0.97745048
-0.99727131
-0.99912611
-0.99896642
-0.99370704
-0.79826456
0.85685280
0.99831898
0.99987508
0.99981036
0.99476723
0.49070446
-0.94305188
-0.99740429
-0.99937621
-0.99950272
-0.99932448
-0.99905002
-0.99875602
-0.99793387
-0.99378218
-0.96885753
-0.85905916
-0.69658392
-0.74133564
-0.91294879
-0.98534246
-0.99769468
-0.99933964
-0.99943257
-0.99811684
-0.97997893
-0.73494094
0.00676460
0.23877590
-0.00610932
-0.25289902
-0.13338775
0.50114284
0.94738931
0.99761343
0.99979411
0.99984190
0.99815226
0.89926428
-0.37369767
-0.90967886
-0.96694956
-0.98232457
-0.99074713
-0.99374288
-0.99162514
-0.97914807
-0.94397227
-0.90057468
