0.99934717
0.99998805
0.99999998
1.00000000
1.00000000
1.00000000
1.00000000
1.00000000
1.00000000
1.00000000
1.00000000
1.00000000
1.00000000
1.00000000
1.00000000
1.00000000
1.00000000
1.00000000
1.00000000
0.99999985
0.99996635
0.99520358
0.90415307
0.87968720
0.99060013
0.99990112
0.99999931
0.99999999
1.00000000
1.00000000
0.99999991
0.99997879
0.99017571
0.44377066
0.06677857
0.87463305
0.99718489
0.99972891
0.99937173
0.97807698
0.03382959
-0.94630924
-0.99481356
-0.99875734
-0.99954396
-0.99978870
-0.99987033
-0.99989212
-0.99989187
-0.99988945
-0.99989423
-0.99990319
-0.99990920
-0.99990894
-0.99990403
-0.99989892
-0.99989520
-0.99988695
-0.99986054
-0.99978328
-0.99952692
-0.99835660
-0.98997725
-0.89340263
0.05256640
0.94229391
0.99816416
0.99990545
0.99998828
0.99999746
0.99999957
0.99999996
1.00000000
1.00000000
1.00000000
1.00000000
1.00000000
1.00000000
1.00000000
0.99999998
0.99999948
0.99998705
0.99975036
0.99546023
0.90561690
-0.00527935
-0.83181734
-0.95426555
-0.96934707
-0.96042970
-0.93321282
-0.91102177
-0.93912677
-0.97735083
-0.99090336
-0.99204940
-0.98429023
-0.95896905
-0.91668121
-0.88531892
-0.85074767
-0.64529397
0.36816447
0.96820093
0.99875131
0.99985014
0.99992539
0.99985779
0.99905016
0.98386689
0.69487336
-0.36650606
-0.71181972
-0.35212433
0.82029149
0.99697691
0.99993813
0.99999403
0.99999580
0.99998693
0.99992016
0.99944805
0.99678294
0.98822335
0.97837734
0.97640403
0.97091405
0.92080244
0.53295038
-0.57970216
-0.95345898
-0.99318189
-0.99816352
-0.99901621
-0.99904700
-0.99880193
-0.99868629
-0.99895968
-0.99934526
-0.99959043
-0.99970112
-0.99973785
-0.99973377
-0.99969263
-0.99957557
-0.99916108
-0.99664183
-0.96287118
-0.33990914
0.82690541
0.95889884
0.93478569
0.81216251
0.89158359
0.99744588
0.99999496
0.99999999
1.00000000
1.00000000
1.00000000
1.00000000
1.00000000
0.99999999
0.99999997
0.99999997
0.99999999
0.99999999
0.99999999
0.99999999
0.99999998
0.99999999
0.99999999
0.99999992
0.99999712
0.99987099
0.99915527
0.99975510
0.99999425
0.99999993
1.00000000
1.00000000
1.00000000
1.00000000
1.00000000
1.00000000
1.00000000
0.99999999
0.99999914
0.99996950
0.99981051
0.99977452
0.99991587
0.99998077
0.99999435
0.99999629
0.99999387
0.99997791
0.99982781
0.99694083
0.91603478
0.08933381
-0.61305643
-0.55622016
0.24123395
0.92898958
0.99799473
0.99997862
0.99999991
1.00000000
1.00000000
1.00000000
0.99999998
0.99995090
0.90337667
-0.89735089
-0.99718289
-0.99953736
-0.99977218
-0.99981563
-0.99982344
-0.99982340
-0.99981991
-0.99980900
-0.99977801
-0.99968838
-0.99936184
-0.99728485
-0.95988686
0.27205765
0.99743148
0.99999662
0.99999998
0.99999999
0.99999980
0.99979822
0.65672615
-0.97458193
-0.99908740
-0.99969529
-0.99953537
-0.99831820
-0.99162873
-0.96294412
-0.89276990
-0.82343898
-0.81134780
-0.78911587
-0.52744582
0.48972423
0.96104336
0.99319462
0.98763501
0.87126325
0.24944519
0.11808480
0.68842954
0.91972956
0.91609595
0.63037845
-0.24174717
-0.58450245
-0.07870458
0.92484754
0.99950669
0.99999784
0.99999997
1.00000000
0.99999999
0.99999995
0.99999946
0.99999380
0.99993874
0.99944085
0.99545907
0.96613601
0.72471828
-0.33540018
-0.91680006
-0.98574678
-0.99449827
-0.99548720
-0.99252152
-0.97420681
-0.84219332
-0.15917604
0.67755595
0.92896535
0.98341288
0.99731629
0.99991301
0.99999989
1.00000000
1.00000000
1.00000000
1.00000000
1.00000000
1.00000000
1.00000000
1.00000000
1.00000000
1.00000000
1.00000000
0.99999995
0.99998622
0.99957490
0.99930964
0.99993241
0.99999815
0.99999992
0.99999999
1.00000000
1.00000000
1.00000000
1.00000000
1.00000000
0.99999999
0.99999787
0.99821792
0.31006652
-0.97060002
-0.99836765
-0.99957743
-0.99974491
-0.99978215
-0.99975746
-0.99955049
-0.99799396
-0.97116720
-0.17294259
0.96938776
0.99936573
0.99989881
0.99980041
0.99841165
0.99148170
0.98706766
0.98944857
0.98314180
0.89953769
0.07628480
-0.87654626
-0.98791932
-0.99793974
-0.99940516
-0.99972319
-0.99979593
-0.99977852
-0.99970675
-0.99962782
-0.99960397
-0.99962410
-0.99962063
-0.99952711
-0.99922108
-0.99826374
-0.99439130
-0.96859399
-0.66818414
0.68883003
0.98977232
0.99936833
0.99971080
0.99836918
0.95735388
0.47385917
0.14118679
0.58500475
0.84836962
0.82973136
0.54690604
0.28167805
0.63850722
0.93778985
0.98074924
0.96418889
0.78386766
0.17920753
-0.16276389
0.05275797
0.58818477
0.90602536
0.97980060
0.99168652
0.98893449
0.94804128
0.56782609
-0.44134698
-0.85122988
-0.94381227
-0.97714539
-0.99132949
-0.99571861
-0.99501806
-0.97722958
-0.59370925
0.90971809
0.99946451
0.99999726
0.99999997
1.00000000
1.00000000
1.00000000
1.00000000
0.99999999
0.99999998
0.99999994
0.99999837
0.99978631
0.97026708
0.24197991
-0.63292495
-0.74136505
-0.45439134
0.54687590
0.98298538
0.99983779
0.99999896
0.99999998
1.00000000
0.99999999
0.99999947
0.99973102
0.88046408
-0.71491260
-0.97266365
-0.98663662
-0.97676688
-0.91554136
-0.69876584
-0.47778822
-0.63060781
-0.89234447
-0.97709867
-0.99017873
-0.97791229
-0.60435108
0.94897761
0.99972080
0.99998495
0.99996580
0.99849644
0.85777969
-0.47703367
-0.86940122
-0.72555625
0.66363311
0.99843428
0.99999667
0.99999997
0.99999999
0.99999997
0.99999906
0.99991626
0.99372854
0.82013484
0.01573980
-0.58835309
-0.82819451
-0.92348586
-0.95150769
-0.94438154
-0.90316761
-0.83989695
-0.83116133
-0.90231803
-0.96494848
-0.98875885
-0.99525554
-0.99636100
-0.99261995
-0.94668631
-0.24590571
0.88341332
0.98837268
0.99463838
0.98794785
0.92535631
0.57110367
0.04198680
-0.16250863
-0.27753023
-0.49486822
-0.61824084
-0.26984969
0.85343083
0.99912517
0.99999699
0.99999991
0.99999987
0.99999013
0.99510852
0.07888605
-0.96498637
-0.99670811
-0.99892071
-0.99933820
-0.99948509
-0.99951465
-0.99929640
-0.99774329
-0.97941483
-0.60436721
0.76948608
0.98011289
0.98951502
0.95487078
0.43839862
-0.78646044
-0.98135960
-0.99693102
-0.99910588
-0.99963318
-0.99980981
-0.99986965
-0.99987518
-0.99984710
-0.99980742
-0.99978928
-0.99979313
-0.99978503
-0.99973634
-0.99963140
-0.99949272
-0.99943582
-0.99955483
-0.99972972
-0.99983623
-0.99987891
-0.99989204
-0.99989611
-0.99989297
-0.99986671
-0.99978229
-0.99959251
-0.99936688
-0.99936772
-0.99957233
-0.99972574
-0.99975709
-0.99963684
-0.99911792
-0.99729305
-0.99270627
-0.98677187
-0.98387371
-0.98445675
-0.98717151
-0.99126421
-0.99483299
-0.99666789
-0.99708303
-0.99640184
-0.99396709
-0.98443249
-0.92318534
-0.44819711
0.58808999
0.90541945
0.95123540
0.94400915
0.88431316
0.65292419
0.02193148
-0.64547363
-0.90712370
-0.97397863
-0.99079562
-0.99571665
-0.99756938
-0.99848225
-0.99896850
-0.99914800
-0.99902655
-0.99848238
-0.99740996
-0.99643158
-0.99676379
-0.99810552
-0.99916506
-0.99963448
-0.99977784
-0.99973414
-0.99913931
-0.99054911
-0.66937881
0.92807531
0.99963642
0.99999480
0.99999899
0.99999570
0.99983427
0.98739699
0.53920285
-0.68176088
-0.93388865
-0.95448445
-0.87793420
-0.22052122
0.88427477
0.99760374
0.99997473
0.99999987
1.00000000
1.00000000
1.00000000
1.00000000
1.00000000
0.99999998
0.99991872
0.90968950
-0.77726725
-0.99058772
-0.99824980
-0.99875725
-0.99750078
-0.99090583
-0.96534887
-0.91303612
-0.88174372
-0.90852788
-0.95431088
-0.98313106
-0.99464132
-0.99827687
-0.99936367
-0.99971234
-0.99983811
-0.99988732
-0.99990318
-0.99989568
-0.99985723
-0.99975438
-0.99947157
-0.99855003
-0.99512910
-0.98414662
-0.96447226
-0.94767463
-0.91156580
-0.63158025
0.63410963
0.98792546
0.99918868
0.99958152
0.99842000
0.98487419
0.89349217
0.69922018
0.53082304
0.26410333
-0.27563770
-0.69886546
-0.74703686
-0.02808042
0.98022108
0.99998510
1.00000000
1.00000000
1.00000000
1.00000000
1.00000000
0.99999999
0.99999981
0.99999788
0.99997539
0.99957152
0.99139136
0.89763527
0.60920518
0.53186977
0.82354754
0.98500768
0.99963466
0.99999547
0.99999996
1.00000000
1.00000000
1.00000000
1.00000000
1.00000000
1.00000000
0.99999999
0.99999976
0.99999837
0.99999527
0.99999448
0.99999686
0.99999737
0.99998753
0.99957193
0.96558059
0.06241277
-0.88025795
-0.98259358
-0.99502099
-0.99681215
-0.99491574
-0.98458455
-0.95828290
-0.95329039
-0.97973354
-0.99243172
-0.99355502
-0.98110573
-0.82630097
0.49243003
0.98986621
0.99979657
0.99997751
0.99997067
0.99975143
0.99706659
0.98743481
0.98562162
0.99177525
0.99448860
0.99289928
0.98141179
0.92019785
0.63914061
0.01060380
-0.52864353
-0.79815033
-0.89877471
-0.89382080
-0.60151051
0.68368064
0.99254963
0.99977459
0.99997440
0.99999029
0.99999308
0.99998965
0.99993556
0.99844871
0.95849326
0.66072130
0.22646670
-0.01673454
-0.06005226
0.12336076
0.38980443
0.46653230
0.24362336
-0.14922960
-0.21275214
0.51238227
0.98910457
0.99998869
1.00000000
1.00000000
1.00000000
1.00000000
1.00000000
1.00000000
1.00000000
0.99999992
0.99986725
0.90462255
-0.80326377
-0.99353956
-0.99913123
-0.99965681
-0.99973435
-0.99970021
-0.99960938
-0.99951883
-0.99950658
-0.99958399
-0.99968647
-0.99976277
-0.99980447
-0.99982251
-0.99983043
-0.99983973
-0.99985649
-0.99987705
-0.99989018
-0.99988511
-0.99985677
-0.99981946
-0.99981837
-0.99986608
-0.99990920
-0.99990920
-0.99990920
-0.99990920
-0.99990920
-0.99989137
-0.99985552
-0.99982194
-0.99979481
-0.99977746
-0.99976979
-0.99976083
-0.99973198
-0.99966028
-0.99950057
-0.99914136
-0.99837225
-0.99710897
-0.99607104
-0.99635615
-0.99756620
-0.99859508
-0.99916351
-0.99944158
-0.99956841
-0.99960135
-0.99957154
-0.99953478
-0.99956991
-0.99967808
-0.99978142
-0.99984060
-0.99986567
-0.99987674
-0.99988584
-0.99988990
-0.99987731
-0.99983743
-0.99977280
-0.99971616
-0.99969699
-0.99968476
-0.99960578
-0.99933269
-0.99861287
-0.99730413
-0.99610107
-0.99580155
-0.99602042
-0.99620454
-0.99627683
-0.99616981
-0.99527272
-0.99159427
-0.97808442
-0.93422402
-0.83590158
-0.70964150
-0.62678983
-0.63502013
-0.72741221
-0.83159919
-0.88596850
-0.88646677
-0.84034828
-0.77455081
-0.75220424
-0.79069594
-0.85112329
-0.89282866
-0.87241004
-0.52449178
0.77625204
0.99542518
0.99967767
0.99954507
0.99166511
0.79099821
0.12195277
-0.07578183
-0.12051186
-0.46707000
-0.84832996
-0.97307053
-0.99610552
-0.99956252
-0.99990920
-0.99990920
-0.99990920
-0.99990920
-0.99990920
-0.99990920
-0.99990920
-0.99990920
-0.99990920
-0.99976787
-0.87649874
0.99069388
0.99999503
0.99999993
0.99999990
0.99999664
0.99991812
0.99989735
0.99999161
0.99999910
0.99999691
0.99931221
0.22865926
-0.99634841
-0.99990920
-0.99990920
-0.99990920
-0.99990920
-0.99972234
-0.99954764
-0.99971484
-0.99988389
-0.99990920
-0.99990920
-0.99990920
-0.99990920
-0.99990920
-0.99990920
-0.99990920
-0.99990920
-0.99990920
-0.99990920
-0.99990920
-0.99990920
-0.99988364
-0.99918991
-0.99868901
-0.99932061
-0.99974394
-0.99989496
-0.99990920
-0.99990920
-0.99990920
-0.99990920
-0.99990920
-0.99990920
-0.99990920
-0.99990920
-0.99990920
-0.99990920
-0.99990920
-0.99990920
-0.99990920
-0.99990920
-0.99990920
-0.99990920
-0.99990920
-0.99990920
-0.99990920
-0.99990920
-0.99990920
-0.99822245
-0.95280295
-0.75977469
-0.82802435
-0.92227910
-0.78312272
0.72736403
0.99848929
0.99997284
0.99998665
0.99982568
0.98890408
0.57166148
-0.61040900
-0.91052612
-0.97045392
-0.99041651
-0.99674626
-0.99786223
-0.99551540
-0.97718830
-0.88061429
-0.64909969
-0.37395265
-0.10106815
0.16655951
0.44478333
0.73259681
0.90680167
0.96041813
0.96695300
0.94983522
0.88347044
0.52548882
-0.58910208
-0.96696979
-0.99466309
-0.99594949
-0.98295556
-0.67144479
0.88308730
0.99869552
0.99994291
0.99996728
0.99977723
0.99530417
0.93441103
0.65424352
-0.01996845
-0.77259301
-0.96802319
-0.98547083
-0.89002819
0.91346904
0.99999236
1.00000000
1.00000000
1.00000000
1.00000000
1.00000000
1.00000000
1.00000000
1.00000000
0.99999989
0.99998452
0.99974102
0.99752699
0.95267697
0.05543840
-0.90564019
-0.97958192
-0.97366116
-0.87367310
-0.30083205
0.41220345
0.50010398
0.12187770
-0.28800092
-0.16080797
0.51828674
0.90285800
0.97345244
0.98591278
0.98845052
