0.99999993
0.99999985
0.99999886
0.99997439
0.99943391
0.99411665
0.94868437
0.32942436
-0.88721458
-0.99361755
-0.99877100
-0.99936278
-0.99955786
-0.99972456
-0.99983663
-0.99988794
-0.99990616
-0.99990920
-0.99989952
-0.99986676
-0.99978331
-0.99958207
-0.99914400
-0.99850675
-0.99827978
-0.99875758
-0.99922252
-0.99918717
-0.99686726
-0.91714884
0.82267521
0.99984613
0.99999992
1.00000000
1.00000000
1.00000000
0.99999875
0.98860200
-0.74318549
-0.99276006
-0.99720556
-0.99544307
-0.98861025
-0.97460363
-0.96031068
-0.95768745
-0.96400576
-0.96927238
-0.96962077
-0.96559033
-0.96106844
-0.96322865
-0.97424191
-0.98641111
-0.99367283
-0.99673254
-0.99773710
-0.99772716
-0.99689811
-0.99528922
-0.99367074
-0.99314245
-0.99345562
-0.99377204
-0.99375281
-0.99264943
-0.98612804
-0.94210630
-0.60485364
0.23496626
0.47695503
-0.04354694
-0.81236699
-0.97904894
-0.99650781
-0.99894215
-0.99945760
-0.99958837
-0.99960248
-0.99956397
-0.99946338
-0.99916493
-0.99778013
-0.98414230
-0.66710246
0.81625820
0.99155572
0.99732111
0.99320568
0.96306805
0.94097643
0.99564401
0.99999454
1.00000000
1.00000000
1.00000000
1.00000000
1.00000000
1.00000000
1.00000000
1.00000000
1.00000000
1.00000000
1.00000000
1.00000000
1.00000000
1.00000000
1.00000000
1.00000000
1.00000000
0.99999949
0.99999496
0.99999579
0.99999781
0.99999712
0.99998790
0.99989647
0.99856880
0.96259450
0.07904952
-0.93541848
-0.99467182
-0.99853396
-0.99898724
-0.99879394
-0.99806375
-0.99664274
-0.99529667
-0.99566136
-0.99713230
-0.99814107
-0.99844036
-0.99813775
-0.99696472
-0.99412661
-0.98947872
-0.98631599
-0.98698326
-0.98721976
-0.98036386
-0.94848943
-0.84263022
-0.67659283
-0.64164378
-0.76248872
-0.88251011
-0.94699100
-0.97584948
-0.98615426
-0.98400077
-0.94085164
-0.38699945
0.90687941
0.99889442
0.99997891
0.99999571
0.99996300
0.99219031
-0.34263687
-0.99290982
-0.99956837
-0.99985891
-0.99988477
-0.99986598
-0.99983179
-0.99979003
-0.99973896
-0.99967706
-0.99960985
-0.99953368
-0.99935781
-0.99850429
-0.98953797
-0.68930737
0.93117429
0.99959240
0.99997948
0.99994635
0.99492571
0.06764703
-0.98001528
-0.99849495
-0.99926207
-0.99885417
-0.99724153
-0.99434908
-0.99339887
-0.99588358
-0.99816722
-0.99902318
-0.99897925
-0.99759665
-0.99163527
-0.97856323
-0.96909989
-0.95555090
-0.82206895
0.44890573
0.99442851
0.99997945
0.99999991
1.00000000
1.00000000
1.00000000
0.99999999
0.99999572
0.99886323
0.93466069
0.15912916
-0.79803938
-0.96789820
-0.99079809
-0.99500167
-0.99464494
-0.98813009
-0.95560076
-0.83468161
-0.63748222
-0.57997889
-0.69682563
-0.82584289
-0.89429037
-0.92295055
-0.93995791
-0.96062569
-0.98122241
-0.99296381
-0.99742798
-0.99890441
-0.99939543
-0.99950053
-0.99922358
-0.99726799
-0.97928836
-0.76514342
0.37090918
0.95600162
0.99830541
0.99993390
0.99999415
0.99999739
0.99999360
0.99995952
0.99979313
0.99974904
0.99997126
0.99999959
0.99999999
1.00000000
0.99999998
0.99999791
0.99990703
0.99972181
0.99990138
0.99998152
0.99999579
0.99999872
0.99999949
0.99999977
0.99999993
0.99999999
1.00000000
0.99999999
0.99999957
0.99997998
0.99989839
0.99998383
0.99999983
1.00000000
1.00000000
1.00000000
1.00000000
1.00000000
1.00000000
1.00000000
1.00000000
1.00000000
1.00000000
1.00000000
0.99999958
0.99990434
0.99912326
0.99929049
0.99981520
0.99997438
0.99999924
1.00000000
1.00000000
1.00000000
1.00000000
1.00000000
0.99999980
0.99201045
-0.73922674
-0.99443828
-0.99886736
-0.99918670
-0.99888250
-0.99741300
-0.98968677
-0.93357203
-0.45089802
0.77658626
0.99295522
0.99968541
0.99988791
0.99921052
0.95362312
-0.28004426
-0.95272486
-0.99248491
-0.99752970
-0.99873849
-0.99881519
-0.99722160
-0.98114505
-0.67651837
0.83610807
0.99872387
0.99999426
0.99999997
1.00000000
1.00000000
1.00000000
1.00000000
1.00000000
0.99999996
0.99994814
0.95824324
-0.57047282
-0.96857791
-0.97546748
-0.79619340
0.68827658
0.99073126
0.99735481
0.97881030
0.20032085
-0.93655867
-0.99144562
-0.99333558
-0.98712404
-0.97456672
-0.96786983
-0.97519638
-0.98608714
-0.99286012
-0.99571123
-0.99622497
-0.99454429
-0.98805082
-0.96906014
-0.92833760
-0.87246137
-0.82451690
-0.80851741
-0.85155170
-0.93130601
-0.97802218
-0.98966097
-0.97982437
-0.71953933
0.87886394
0.99892882
0.99994124
0.99993419
0.99946582
0.99756030
0.99925041
0.99998812
0.99999994
1.00000000
1.00000000
0.99999993
0.99998814
0.99930117
0.98900151
0.90715053
0.60138381
0.53513651
0.91912298
0.99817237
0.99998055
0.99999977
1.00000000
1.00000000
1.00000000
1.00000000
1.00000000
1.00000000
1.00000000
0.99999973
0.99998857
0.99983506
0.99897898
0.99772692
0.99711972
0.99199951
0.88265396
-0.48226052
-0.97649390
-0.99671912
-0.99841387
-0.99866450
-0.99885575
-0.99907800
-0.99909609
-0.99862317
-0.99697543
-0.99360928
-0.99165865
-0.99412977
-0.99720409
-0.99873342
-0.99933003
-0.99955439
-0.99958948
-0.99935548
-0.99770181
-0.97584706
-0.43267180
0.91495924
0.99721219
0.99952699
0.99940054
0.99633424
0.94543256
0.31934935
-0.59154910
-0.53017087
0.73833250
0.99835219
0.99999260
0.99999986
0.99999999
1.00000000
1.00000000
1.00000000
1.00000000
1.00000000
1.00000000
1.00000000
0.99999967
0.99998676
0.99911180
0.89919948
-0.60084926
-0.97618527
-0.99543143
-0.99725232
-0.99450606
-0.95049649
0.07871045
0.98497843
0.99973738
0.99995605
0.99989699
0.99904481
0.99416037
0.98978500
0.99300227
0.99702399
0.99924709
0.99990724
0.99999280
0.99999932
0.99999989
0.99999998
1.00000000
1.00000000
1.00000000
1.00000000
1.00000000
1.00000000
1.00000000
1.00000000
1.00000000
1.00000000
1.00000000
0.99999992
0.99996594
0.99917801
0.99942394
0.99988466
0.99989593
0.99889431
0.94953698
-0.07277422
-0.90872204
-0.98604053
-0.99552710
-0.99735539
-0.99743847
-0.99648551
-0.99443602
-0.99228830
-0.99259230
-0.99506718
-0.99708747
-0.99801711
-0.99833757
-0.99848866
-0.99871180
-0.99896527
-0.99909309
-0.99903163
-0.99877197
-0.99823841
-0.99706689
-0.99445384
-0.99038469
-0.98857831
-0.99142279
-0.99472755
-0.99596318
-0.99482557
-0.98799786
-0.95162290
-0.72525525
0.04093262
0.59363769
0.60943630
0.13120307
-0.59260549
-0.85522005
-0.87836367
-0.75120205
-0.37320415
-0.03788486
-0.15732781
-0.55424981
-0.78833082
-0.82964273
-0.67949743
0.21147309
0.97715713
0.99993759
0.99999988
1.00000000
1.00000000
0.99999983
0.99996216
0.99754648
0.99159054
0.99862643
0.99995732
0.99999829
0.99999975
0.99999990
0.99999996
0.99999999
1.00000000
1.00000000
1.00000000
1.00000000
0.99999997
0.99999885
0.99974833
0.88979992
-0.83261794
-0.99409413
-0.99898149
-0.99949332
-0.99958166
-0.99958467
-0.99956384
-0.99952650
-0.99944303
-0.99919891
-0.99842407
-0.99604979
-0.99073164
-0.98528926
-0.98506427
-0.98743280
-0.98610448
-0.96204669
-0.55663211
0.94178245
0.99986339
0.99999927
0.99999988
0.99999803
0.99907361
0.38083924
-0.97873045
-0.99893124
-0.99964749
-0.99967590
-0.99958348
-0.99946016
-0.99932429
-0.99914238
-0.99890542
-0.99868911
-0.99858421
-0.99857322
-0.99858685
-0.99859536
-0.99855545
-0.99835965
-0.99784412
-0.99655178
-0.99088185
-0.91822798
0.53183384
0.99923544
0.99999983
1.00000000
1.00000000
1.00000000
1.00000000
1.00000000
1.00000000
1.00000000
1.00000000
1.00000000
0.99999999
0.99999971
0.99998773
0.99953221
0.99498031
0.99505590
0.99973269
0.99999915
1.00000000
1.00000000
1.00000000
1.00000000
1.00000000
0.99999998
0.99994653
0.99649162
0.99715445
0.99990597
0.99999833
0.99999982
0.99999973
0.99999758
0.99995474
0.99917494
0.99351428
0.99228978
0.99920068
0.99998423
0.99999958
0.99999991
0.99999982
0.99999932
0.99999934
0.99999989
0.99999999
0.99999999
0.99999995
0.99999261
0.99574802
0.11315896
-0.96870923
-0.99774750
-0.99936612
-0.99951893
-0.99930258
-0.99873311
-0.99814554
-0.99824650
-0.99881189
-0.99924304
-0.99944279
-0.99949867
-0.99944525
-0.99914183
-0.99762383
-0.98798387
-0.93901533
-0.87910247
-0.93321513
-0.97858786
-0.98101269
-0.85109468
0.67437717
0.99448211
0.99908732
0.99478149
0.75283742
-0.73967995
-0.96961248
-0.98309835
-0.96645963
-0.81598396
0.24932534
0.96786746
0.99935421
0.99997820
0.99999674
0.99999723
0.99999535
0.99999729
0.99999981
1.00000000
1.00000000
1.00000000
1.00000000
1.00000000
1.00000000
0.99999981
0.99977990
0.97012054
0.89023517
0.99128957
0.99996594
0.99999995
1.00000000
1.00000000
1.00000000
0.99999978
0.99972256
0.85407064
-0.62045221
-0.90694961
-0.90782789
-0.82330371
-0.58628698
-0.10580422
0.42509584
0.74575655
0.91048213
0.98277038
0.99846203
0.99991724
0.99999616
0.99999979
0.99999998
0.99999999
0.99999997
0.99999987
0.99999991
1.00000000
1.00000000
1.00000000
1.00000000
1.00000000
1.00000000
1.00000000
1.00000000
1.00000000
1.00000000
1.00000000
1.00000000
0.99999998
0.99992785
0.87253734
-0.87955662
-0.98647027
-0.95416240
0.15744455
0.99113835
0.99973319
0.99975364
0.99519844
0.77257793
-0.48383471
-0.87301132
-0.92350411
-0.92866549
-0.93478193
-0.95164292
-0.96913732
-0.97919337
-0.98165314
-0.97669218
-0.96051531
-0.92820403
-0.89083361
-0.88116838
-0.90680737
-0.93923430
-0.96061302
-0.97187494
-0.97778433
-0.98134447
-0.98349022
-0.98346679
-0.97898794
-0.96487590
-0.93303648
-0.88986150
-0.87700246
-0.91295277
-0.95681638
-0.98134241
-0.99060910
-0.99237188
-0.98778224
-0.96686231
-0.90807697
-0.84234799
-0.85827232
-0.92536895
-0.97074552
-0.98883688
-0.99484834
-0.99677682
-0.99729679
-0.99716466
-0.99644736
-0.99499282
-0.99293115
-0.99048106
-0.98560923
-0.96847427
-0.89829590
-0.67122672
-0.29947538
0.04158820
0.39171705
0.71122269
0.85111706
0.83394469
0.53423552
-0.36742176
-0.89621106
-0.98154430
-0.99353931
-0.99513826
-0.99388741
-0.99127835
-0.98928435
-0.98925004
-0.98998964
-0.98979922
-0.98826807
-0.98713818
-0.98937170
-0.99377632
-0.99675512
-0.99781618
-0.99764531
-0.99625595
-0.99260884
-0.97971577
-0.86889834
0.39630515
0.99363782
0.99994140
0.99999421
0.99999169
0.99998662
0.99999880
0.99999999
1.00000000
1.00000000
1.00000000
1.00000000
1.00000000
1.00000000
1.00000000
1.00000000
1.00000000
1.00000000
1.00000000
1.00000000
1.00000000
1.00000000
1.00000000
1.00000000
1.00000000
0.99999948
0.99964313
0.55960857
-0.99388571
-0.99990920
-0.99990920
-0.99990920
-0.99990920
-0.99990920
-0.99990920
-0.99990920
-0.99990920
-0.99990920
-0.99990920
-0.99890674
-0.98796428
-0.89180282
-0.18656402
0.82049195
0.97573743
0.98080497
0.81336089
-0.81368906
-0.99900488
-0.99990920
-0.99990920
-0.99990920
-0.99990920
-0.99990920
-0.99990920
-0.99990920
-0.99984906
-0.99981701
-0.99990920
-0.99990920
-0.99990920
-0.99990920
-0.99990920
-0.99990920
-0.99990920
-0.99990920
-0.99990920
-0.99990920
-0.99990920
-0.99990920
-0.99990920
-0.99990920
-0.99990920
-0.99990920
-0.99990920
-0.99990920
-0.99990920
-0.99990920
-0.99990920
-0.99990920
-0.99990920
-0.99990920
-0.99990920
-0.99990920
-0.99990920
-0.99990920
-0.99990920
-0.99990920
-0.99990920
-0.99990920
-0.99990920
-0.99990920
-0.99990920
-0.99990920
-0.99990920
-0.99990920
-0.99990920
-0.99990920
-0.99990920
-0.99990920
-0.99990920
-0.99990920
-0.99990920
-0.99990920
-0.99990920
-0.99990920
-0.99983259
-0.85117038
0.99593198
0.99999763
0.99999985
0.99999728
0.99850670
0.32654638
-0.96389264
-0.99529046
-0.98755878
-0.23246281
0.99949024
1.00000000
1.00000000
1.00000000
1.00000000
1.00000000
1.00000000
1.00000000
1.00000000
1.00000000
0.99999217
0.98992943
0.13456808
-0.84508431
-0.82993148
0.61964566
0.99960947
0.99999982
1.00000000
1.00000000
0.99999964
0.99972707
0.94650958
0.60823834
0.84249391
0.99038824
0.99919527
0.99951151
0.99851932
0.99741272
0.99971193
0.99999889
1.00000000
1.00000000
1.00000000
1.00000000
0.99999980
0.99461596
-0.71383391
-0.99364173
-0.99737761
-0.99408818
-0.97624810
-0.90306926
-0.67089488
-0.18961184
0.47081708
0.95312683
0.99983743
0.99999998
1.00000000
1.00000000
1.00000000
1.00000000
1.00000000
0.99999936
0.99985595
0.99936107
0.99965882
0.99975022
0.99925703
0.99389557
0.93364944
0.52848910
-0.10037099
