0.99999996
0.99999893
0.99988357
0.99372262
0.95140357
0.93208475
0.94034356
0.89041844
0.51346715
-0.48885731
-0.90700251
-0.97098134
-0.97248052
-0.90541588
-0.43931470
0.30160257
0.26931332
-0.54443042
-0.95615376
-0.99587650
-0.99923926
-0.99970948
-0.99979574
-0.99975864
-0.99956227
-0.99899455
-0.99784443
-0.99669233
-0.99641653
-0.99605061
-0.99154741
-0.93743442
0.02493873
0.97868112
0.99969956
0.99997031
0.99991758
0.99459667
0.17847609
-0.97739145
-0.99895600
-0.99976709
-0.99986723
-0.99988717
-0.99989177
-0.99989378
-0.99989553
-0.99989665
-0.99989663
-0.99989609
-0.99989648
-0.99989849
-0.99990129
-0.99990381
-0.99990581
-0.99990750
-0.99990889
-0.99990920
-0.99990621
-0.99989389
-0.99985533
-0.99972977
-0.99923432
-0.99675575
-0.98179286
-0.86771419
0.00621022
0.93348412
0.99686744
0.99890166
0.99199263
0.58565576
-0.91225257
-0.99635384
-0.99932598
-0.99958235
-0.99939357
-0.99819088
-0.98814936
-0.81511240
0.69077910
0.99809637
0.99999655
0.99999999
1.00000000
1.00000000
1.00000000
1.00000000
1.00000000
1.00000000
1.00000000
1.00000000
1.00000000
1.00000000
1.00000000
1.00000000
1.00000000
1.00000000
1.00000000
1.00000000
1.00000000
1.00000000
1.00000000
1.00000000
1.00000000
1.00000000
1.00000000
1.00000000
1.00000000
1.00000000
1.00000000
1.00000000
1.00000000
1.00000000
0.99999999
0.99999999
0.99999999
0.99999996
0.99999883
0.99976157
0.94883405
-0.12561862
-0.75491358
-0.62783449
0.45623546
0.98436071
0.99971389
0.99997068
0.99992371
0.99562039
0.34786529
-0.96557687
-0.99854003
-0.99972558
-0.99986418
-0.99989128
-0.99989473
-0.99989223
-0.99988962
-0.99988911
-0.99989095
-0.99989430
-0.99989802
-0.99990109
-0.99990238
-0.99989803
-0.99987371
-0.99976308
-0.99906828
-0.99131475
-0.87893900
-0.21913158
0.37878615
0.47382078
0.37559189
0.25745321
0.16157793
0.02893142
-0.20256724
-0.53786034
-0.83965034
-0.96624988
-0.99312983
-0.99754603
-0.99803821
-0.99748306
-0.99725437
-0.99824498
-0.99920000
-0.99954068
-0.99939689
-0.99696007
-0.91260921
0.78831458
0.99945409
0.99999574
0.99999909
0.99999077
0.99889269
0.82761866
-0.67329528
-0.96474400
-0.98700966
-0.98927957
-0.98911902
-0.98961500
-0.98606219
-0.93825878
-0.13193871
0.95558734
0.99825068
0.99961487
0.99978474
0.99994210
0.99999638
0.99999989
0.99999999
1.00000000
1.00000000
1.00000000
1.00000000
1.00000000
1.00000000
1.00000000
1.00000000
1.00000000
1.00000000
0.99999938
0.97982445
-0.87378510
-0.99764077
-0.99964392
-0.99984076
-0.99988470
-0.99989718
-0.99990047
-0.99990148
-0.99990204
-0.99990194
-0.99990113
-0.99990028
-0.99989997
-0.99990021
-0.99990067
-0.99990107
-0.99990075
-0.99989751
-0.99988189
-0.99980704
-0.99924357
-0.98505721
0.07967307
0.99717066
0.99999082
0.99999951
0.99999930
0.99999374
0.99995647
0.99990010
0.99985884
0.99970007
0.99900647
0.99716969
0.99483406
0.99283700
0.99305510
0.99752826
0.99981831
0.99999650
0.99999995
1.00000000
1.00000000
1.00000000
0.99999999
0.99999967
0.99999815
0.99999909
0.99999994
1.00000000
1.00000000
1.00000000
1.00000000
1.00000000
1.00000000
1.00000000
1.00000000
1.00000000
1.00000000
1.00000000
1.00000000
1.00000000
1.00000000
1.00000000
1.00000000
1.00000000
1.00000000
1.00000000
1.00000000
1.00000000
1.00000000
1.00000000
1.00000000
1.00000000
1.00000000
1.00000000
1.00000000
1.00000000
1.00000000
1.00000000
0.99999999
0.99999948
0.99997197
0.99629801
0.62261346
-0.65666182
-0.74587986
-0.19959902
0.55909054
0.78288002
0.88807470
0.98413412
0.99960082
0.99999516
0.99999990
0.99999999
0.99999999
0.99999982
0.99997110
0.99350753
0.72626261
0.11530557
0.17026038
0.42515311
0.35147022
-0.27500148
-0.82117860
-0.92718393
-0.84441121
0.02676231
0.92429916
0.99263882
0.99570530
0.98411759
0.84560592
0.12214949
-0.41649832
-0.13147893
0.82484586
0.99685574
0.99995021
0.99999491
0.99999085
0.99985223
0.99550206
0.91193546
0.23536294
-0.77839334
-0.98127232
-0.99798252
-0.99957020
-0.99981395
-0.99987103
-0.99988916
-0.99989744
-0.99990218
-0.99990437
-0.99990434
-0.99990245
-0.99989923
-0.99989561
-0.99989288
-0.99989209
-0.99989359
-0.99989682
-0.99990030
-0.99990174
-0.99989738
-0.99987615
-0.99978010
-0.99898727
-0.96960408
0.75455426
0.99994761
0.99999999
1.00000000
1.00000000
1.00000000
0.99999996
0.99999639
0.99997172
0.99998509
0.99999878
0.99999995
1.00000000
1.00000000
1.00000000
1.00000000
0.99999995
0.99999964
0.99999965
0.99999992
0.99999998
0.99999999
0.99999999
1.00000000
1.00000000
0.99999999
0.99999997
0.99999980
0.99999873
0.99999143
0.99995966
0.99994774
0.99998604
0.99999776
0.99999891
0.99999638
0.99993245
0.99634790
0.77488921
-0.61986425
-0.93693065
-0.95483741
-0.93022182
-0.92944668
-0.97549735
-0.99602090
-0.99930742
-0.99977984
-0.99987115
-0.99989073
-0.99989159
-0.99988558
-0.99986531
-0.99977941
-0.99927351
-0.99349704
-0.86232154
0.43148063
0.97262828
0.99852655
0.99988035
0.99998186
0.99999110
0.99997953
0.99987943
0.99964673
0.99990258
0.99999853
1.00000000
1.00000000
1.00000000
1.00000000
1.00000000
1.00000000
0.99999997
0.99999940
0.99999437
0.99997344
0.99992857
0.99984499
0.99950410
0.99666616
0.96546761
0.73257596
0.14918590
-0.18839936
0.12541842
0.84590730
0.99407471
0.99975617
0.99996315
0.99997630
0.99997833
0.99999386
0.99999974
1.00000000
1.00000000
1.00000000
1.00000000
1.00000000
1.00000000
1.00000000
1.00000000
1.00000000
1.00000000
1.00000000
1.00000000
1.00000000
1.00000000
1.00000000
1.00000000
1.00000000
1.00000000
1.00000000
1.00000000
1.00000000
0.99999994
0.99999760
0.99997991
0.99998125
0.99999478
0.99999767
0.99999574
0.99997385
0.99964602
0.98956924
0.50708981
-0.91360411
-0.99684839
-0.99959005
-0.99984178
-0.99988841
-0.99990019
-0.99990410
-0.99990523
-0.99990341
-0.99989813
-0.99988941
-0.99987678
-0.99985693
-0.99982059
-0.99974941
-0.99961937
-0.99942993
-0.99921513
-0.99887027
-0.99766830
-0.99183360
-0.96586238
-0.92103035
-0.94029388
-0.98210866
-0.99479344
-0.99593697
-0.98591390
-0.83429351
0.32284500
0.92853273
0.98194364
0.98090772
0.94368420
0.78907142
0.42331748
-0.02988640
-0.22262718
0.19720992
0.88664676
0.99572698
0.99982478
0.99998551
0.99999756
0.99999909
0.99999880
0.99999187
0.99980667
0.99586972
0.98523379
0.99645191
0.99990177
0.99999827
0.99999991
0.99999998
0.99999998
0.99999998
0.99999998
0.99999998
1.00000000
1.00000000
1.00000000
1.00000000
1.00000000
0.99999997
0.99999263
0.99970789
0.99865050
0.99806998
0.99763218
0.99592726
0.98861536
0.94548893
0.61495501
-0.48885434
-0.94067644
-0.98981938
-0.99557722
-0.99551258
-0.99223027
-0.98022218
-0.92048662
-0.56410273
0.37178766
0.84136268
0.92995406
0.93538591
0.92614358
0.94825749
0.98491451
0.99800090
0.99980471
0.99996751
0.99997657
0.99990242
0.99891584
0.98963686
0.94174119
0.68493481
-0.39671348
-0.95705327
-0.99686002
-0.99944550
-0.99977107
-0.99984541
-0.99987166
-0.99988328
-0.99988731
-0.99988571
-0.99987430
-0.99982928
-0.99964490
-0.99868062
-0.99201390
-0.94370462
-0.68781666
-0.03608672
0.56209652
0.81828032
0.91159545
0.95461913
0.97675591
0.98540820
0.98756476
0.99163736
0.99818805
0.99989189
0.99999475
0.99999907
0.99999882
0.99999504
0.99998986
0.99999862
0.99999999
1.00000000
1.00000000
1.00000000
1.00000000
1.00000000
0.99999998
0.99993716
0.96988831
0.13997571
-0.60996304
-0.52522210
0.32379706
0.94324220
0.99743850
0.99980182
0.99994896
0.99995400
0.99993897
0.99997437
0.99999892
0.99999999
1.00000000
1.00000000
1.00000000
1.00000000
1.00000000
1.00000000
1.00000000
1.00000000
1.00000000
1.00000000
1.00000000
1.00000000
0.99999999
0.99999788
0.99746555
0.06873982
-0.98048130
-0.99870114
-0.99959734
-0.99971767
-0.99974905
-0.99978687
-0.99983125
-0.99986378
-0.99987777
-0.99987001
-0.99982298
-0.99966387
-0.99910804
-0.99727695
-0.99329324
-0.98932964
-0.98615196
-0.97378611
-0.89947451
-0.51057455
0.20329968
0.54141138
0.56550599
0.40885897
0.16089612
0.12462000
0.62483755
0.97764580
0.99972412
0.99999666
0.99999980
0.99999986
0.99999952
0.99999860
0.99999934
0.99999997
1.00000000
1.00000000
1.00000000
1.00000000
1.00000000
1.00000000
1.00000000
1.00000000
1.00000000
1.00000000
1.00000000
1.00000000
0.99999999
0.99999979
0.99999833
0.99999622
0.99999758
0.99999958
0.99999997
1.00000000
1.00000000
1.00000000
1.00000000
1.00000000
1.00000000
1.00000000
1.00000000
0.99999999
0.99999911
0.99996683
0.99985184
0.99995138
0.99999815
0.99999997
1.00000000
1.00000000
1.00000000
0.99999998
0.99999951
0.99999243
0.99995051
0.99992855
0.99998385
0.99999879
0.99999987
0.99999995
0.99999994
0.99999995
0.99999999
1.00000000
1.00000000
1.00000000
1.00000000
1.00000000
0.99999999
0.99997115
0.97326362
0.19816440
-0.30904426
-0.01835194
0.26365042
-0.06420874
-0.79667012
-0.98420289
-0.99844693
-0.99966092
-0.99984238
-0.99988310
-0.99989365
-0.99989706
-0.99989865
-0.99989887
-0.99989787
-0.99989669
-0.99989616
-0.99989618
-0.99989625
-0.99989610
-0.99989565
-0.99989497
-0.99989449
-0.99989463
-0.99989502
-0.99989477
-0.99989351
-0.99989205
-0.99989184
-0.99989356
-0.99989638
-0.99989859
-0.99989903
-0.99989805
-0.99989719
-0.99989792
-0.99990038
-0.99990345
-0.99990571
-0.99990623
-0.99990493
-0.99990253
-0.99990005
-0.99989857
-0.99989887
-0.99990067
-0.99990183
-0.99989884
-0.99988830
-0.99986921
-0.99984715
-0.99983337
-0.99982908
-0.99981115
-0.99971898
-0.99930473
-0.99677286
-0.97135292
-0.62147101
0.67163262
0.97829056
0.99720664
0.99848705
0.99481956
0.91245059
-0.23762493
-0.94858720
-0.99390485
-0.99825909
-0.99911015
-0.99926105
-0.99886375
-0.99666574
-0.98696407
-0.96410469
-0.95388084
-0.96873569
-0.98288025
-0.98968899
-0.99288921
-0.99485701
-0.99636767
-0.99745361
-0.99796884
-0.99773514
-0.99571730
-0.98433613
-0.89656910
-0.33827363
0.56208475
0.90265452
0.98700901
0.99940666
0.99999071
0.99999991
1.00000000
1.00000000
1.00000000
1.00000000
1.00000000
1.00000000
1.00000000
1.00000000
1.00000000
1.00000000
1.00000000
1.00000000
0.99999999
0.99999954
0.99999804
0.99999842
0.99999932
0.99999957
0.99999906
0.99998669
0.99872629
0.72163455
-0.91914522
-0.99700626
-0.99937973
-0.99959702
-0.99959518
-0.99956949
-0.99948851
-0.99900447
-0.99499583
-0.92320046
0.20788653
0.97150417
0.99879116
0.99985082
0.99995396
0.99997194
0.99994686
0.99927545
0.93239437
-0.72965394
-0.99561531
-0.99968163
-0.99990818
-0.99990920
-0.99990920
-0.99990920
-0.99990920
-0.99990920
-0.99990920
-0.99990920
-0.99990920
-0.99990920
-0.99990920
-0.99990920
-0.99990920
-0.99990920
-0.99990920
-0.99990920
-0.99990920
-0.99990920
-0.99990920
-0.99990920
-0.99990840
-0.99985552
-0.99978976
-0.99975775
-0.99978628
-0.99984338
-0.99989272
-0.99990920
-0.99990920
-0.99990920
-0.99990920
-0.99990920
-0.99990920
-0.99990920
-0.99990920
-0.99990920
-0.99990920
-0.99990920
-0.99990920
-0.99990920
-0.99990920
-0.99990920
-0.99990920
-0.99990920
-0.99990920
-0.99990920
-0.99990920
-0.99987854
-0.99970238
-0.99924636
-0.99870737
-0.99877719
-0.99919783
-0.99939983
-0.99910195
-0.99501428
-0.83008071
0.92110085
0.99986519
0.99999906
0.99999971
0.99999308
0.99768561
0.49833861
-0.84470868
-0.93255048
-0.66267893
0.87082257
0.99975902
0.99999986
1.00000000
1.00000000
1.00000000
1.00000000
1.00000000
1.00000000
0.99999976
0.99937240
0.44031799
-0.96908562
-0.99729989
-0.99659389
-0.94912904
0.50379663
0.99764390
0.99997717
0.99999619
0.99997917
0.99882587
0.93011493
0.44667405
0.39973954
0.81234573
0.97138922
0.99549632
0.99888096
0.99936986
0.99892891
0.99503662
0.96524346
0.82117850
0.49296359
-0.02181734
-0.64706486
-0.93683151
-0.98725189
-0.99161033
-0.96350020
-0.34759550
0.91101786
0.99332001
0.99705894
0.99758739
0.99954933
0.99999536
1.00000000
1.00000000
1.00000000
1.00000000
1.00000000
1.00000000
1.00000000
0.99999996
0.99999779
0.99998686
0.99998350
0.99999355
0.99999900
0.99999988
0.99999997
0.99999998
0.99999997
