1.00000000
1.00000000
0.99999990
0.99998529
0.99984348
0.99989394
0.99996160
0.99989482
0.99510359
0.38912348
-0.94943592
-0.99666621
-0.99884188
-0.99850382
-0.99524036
-0.98041711
-0.95466856
-0.96540870
-0.99032974
-0.99814309
-0.99952998
-0.99978676
-0.99982309
-0.99975122
-0.99948948
-0.99888935
-0.99830879
-0.99845826
-0.99874524
-0.99774345
-0.97584606
0.09354995
0.99583889
0.99998120
0.99999877
0.99999668
0.99977242
0.92575949
-0.80768499
-0.99583995
-0.99953783
-0.99982551
-0.99987665
-0.99988900
-0.99989349
-0.99989661
-0.99989915
-0.99990084
-0.99990184
-0.99990266
-0.99990372
-0.99990510
-0.99990661
-0.99990793
-0.99990877
-0.99990916
-0.99990920
-0.99990852
-0.99990563
-0.99989681
-0.99987325
-0.99981215
-0.99963802
-0.99899509
-0.99494292
-0.93410593
0.17965949
0.97814715
0.99864960
0.99843698
0.96511607
-0.25242551
-0.98110249
-0.99878385
-0.99968633
-0.99977663
-0.99966253
-0.99894152
-0.99309746
-0.92785282
-0.36439774
0.72596747
0.98557761
0.99970399
0.99999575
0.99999984
0.99999995
0.99999989
0.99999971
0.99999985
0.99999999
1.00000000
1.00000000
1.00000000
1.00000000
1.00000000
1.00000000
1.00000000
1.00000000
1.00000000
1.00000000
1.00000000
1.00000000
1.00000000
1.00000000
1.00000000
1.00000000
1.00000000
1.00000000
1.00000000
1.00000000
1.00000000
1.00000000
1.00000000
1.00000000
1.00000000
1.00000000
0.99999999
0.99999935
0.99963184
0.77527552
-0.87616441
-0.98494442
-0.97772404
-0.75022362
0.75842835
0.99405389
0.99894550
0.99512414
0.74976353
-0.87168406
-0.99616306
-0.99952751
-0.99982393
-0.99988053
-0.99989512
-0.99989903
-0.99989972
-0.99989943
-0.99989894
-0.99989864
-0.99989864
-0.99989890
-0.99989941
-0.99989986
-0.99989859
-0.99989099
-0.99986602
-0.99979495
-0.99958379
-0.99881939
-0.99451050
-0.94563924
-0.24339787
0.84749413
0.96533157
0.94244515
0.68479772
-0.16826182
-0.78475398
-0.95898495
-0.99270852
-0.99797572
-0.99854842
-0.99726863
-0.99272877
-0.98870853
-0.99347764
-0.99803539
-0.99931864
-0.99945586
-0.99840451
-0.97519929
0.10437913
0.99574494
0.99998966
0.99999987
0.99999995
0.99999908
0.99964428
0.80284542
-0.79327132
-0.93907103
-0.83435931
-0.36011367
-0.09268115
-0.52505270
-0.87087650
-0.92472844
-0.80794067
-0.01742744
0.88266315
0.99352572
0.99949671
0.99989933
0.99995537
0.99998729
0.99999945
1.00000000
1.00000000
1.00000000
1.00000000
1.00000000
1.00000000
1.00000000
1.00000000
1.00000000
0.99999999
0.99994143
0.89569525
-0.89270861
-0.99731068
-0.99963651
-0.99984757
-0.99988765
-0.99989722
-0.99989962
-0.99990048
-0.99990087
-0.99990100
-0.99990084
-0.99990055
-0.99990043
-0.99990073
-0.99990145
-0.99990186
-0.99989973
-0.99988508
-0.99980770
-0.99917831
-0.98206008
0.07589577
0.99173136
0.99974001
0.99977140
0.99803767
0.99144887
0.99849658
0.99999150
0.99999999
1.00000000
1.00000000
1.00000000
0.99999999
0.99999965
0.99999670
0.99999750
0.99999990
1.00000000
1.00000000
1.00000000
1.00000000
0.99999999
0.99999943
0.99999433
0.99999679
0.99999981
1.00000000
1.00000000
1.00000000
1.00000000
1.00000000
1.00000000
1.00000000
1.00000000
1.00000000
1.00000000
1.00000000
1.00000000
1.00000000
1.00000000
1.00000000
1.00000000
1.00000000
1.00000000
1.00000000
1.00000000
1.00000000
1.00000000
1.00000000
0.99999955
0.99999573
0.99999953
0.99999999
1.00000000
1.00000000
1.00000000
1.00000000
1.00000000
1.00000000
0.99999983
0.99996798
0.99362843
0.33328054
-0.92750253
-0.99183147
-0.99519232
-0.99050586
-0.94633220
-0.27316328
0.94432425
0.99916105
0.99996578
0.99999279
0.99998994
0.99989782
0.99509513
0.71020189
-0.60835394
-0.89028515
-0.89922319
-0.88450965
-0.93025933
-0.98051969
-0.99556354
-0.99807875
-0.99610995
-0.91447759
0.88869336
0.99995231
0.99999997
1.00000000
1.00000000
0.99999997
0.99999601
0.99984038
0.99935115
0.99966774
0.99993330
0.99997648
0.99997053
0.99995777
0.99999160
0.99999986
1.00000000
1.00000000
0.99999990
0.99970441
0.37099240
-0.98628411
-0.99938201
-0.99983130
-0.99989008
-0.99990198
-0.99990431
-0.99990448
-0.99990413
-0.99990380
-0.99990358
-0.99990337
-0.99990299
-0.99990221
-0.99990093
-0.99989934
-0.99989774
-0.99989555
-0.99989008
-0.99987026
-0.99978006
-0.99905403
-0.97559841
0.57363295
0.99972940
0.99999984
1.00000000
1.00000000
1.00000000
1.00000000
1.00000000
1.00000000
1.00000000
1.00000000
1.00000000
1.00000000
1.00000000
1.00000000
1.00000000
0.99999999
1.00000000
1.00000000
1.00000000
1.00000000
1.00000000
1.00000000
1.00000000
1.00000000
1.00000000
1.00000000
1.00000000
1.00000000
1.00000000
0.99999997
0.99999975
0.99999939
0.99999904
0.99999738
0.99997613
0.99917932
0.93120314
-0.51335647
-0.97740806
-0.99498035
-0.99437207
-0.98766826
-0.98265813
-0.99093894
-0.99766530
-0.99941362
-0.99977571
-0.99986490
-0.99989094
-0.99989736
-0.99988980
-0.99984237
-0.99955659
-0.99587041
-0.85349150
0.75553968
0.99657068
0.99992928
0.99999868
0.99999999
1.00000000
1.00000000
1.00000000
1.00000000
0.99999988
0.99996534
0.99964486
0.99987792
0.99999482
0.99999986
0.99999999
1.00000000
1.00000000
1.00000000
1.00000000
1.00000000
1.00000000
1.00000000
1.00000000
1.00000000
0.99999998
0.99999810
0.99939122
0.91493903
0.48598650
0.89093363
0.99865252
0.99998013
0.99999456
0.99995586
0.99849842
0.98478493
0.98784414
0.99848797
0.99983081
0.99995203
0.99997989
0.99999638
0.99999986
1.00000000
1.00000000
1.00000000
1.00000000
1.00000000
1.00000000
1.00000000
1.00000000
1.00000000
1.00000000
1.00000000
1.00000000
1.00000000
1.00000000
1.00000000
0.99999999
0.99999995
0.99999989
0.99999991
0.99999998
1.00000000
1.00000000
1.00000000
0.99999999
0.99999716
0.99599182
-0.11255120
-0.98493669
-0.99908392
-0.99977577
-0.99987462
-0.99989757
-0.99990404
-0.99990621
-0.99990660
-0.99990464
-0.99989804
-0.99988257
-0.99985339
-0.99980977
-0.99975995
-0.99971472
-0.99967873
-0.99965993
-0.99966651
-0.99967741
-0.99964613
-0.99952986
-0.99934021
-0.99924314
-0.99937842
-0.99957681
-0.99966239
-0.99956454
-0.99901008
-0.99687434
-0.99114476
-0.98404927
-0.98308023
-0.98792715
-0.99255659
-0.99477134
-0.99526977
-0.99479039
-0.99242154
-0.97878565
-0.86057059
-0.05909068
0.78286647
0.94725323
0.97802943
0.98796251
0.99310102
0.99686798
0.99931533
0.99995113
0.99999850
0.99999995
1.00000000
1.00000000
1.00000000
1.00000000
1.00000000
1.00000000
1.00000000
1.00000000
1.00000000
1.00000000
1.00000000
1.00000000
1.00000000
1.00000000
1.00000000
1.00000000
1.00000000
1.00000000
0.99999949
0.99987585
0.99593521
0.97907843
0.91812146
0.38156598
-0.79978246
-0.98066048
-0.99347122
-0.99364191
-0.99212615
-0.99247257
-0.99325455
-0.99050265
-0.97337787
-0.88859889
-0.59470996
0.00930963
0.73826040
0.98530634
0.99976811
0.99999757
0.99999995
0.99999999
0.99999999
0.99999924
0.99968676
0.87722089
-0.73441635
-0.98452512
-0.99767094
-0.99937278
-0.99974524
-0.99985106
-0.99988528
-0.99989640
-0.99989964
-0.99990004
-0.99989916
-0.99989720
-0.99989256
-0.99987958
-0.99983802
-0.99967352
-0.99855912
-0.97742995
-0.06581891
0.99152507
0.99997478
0.99999981
0.99999999
1.00000000
1.00000000
1.00000000
0.99999999
0.99999998
1.00000000
1.00000000
1.00000000
1.00000000
1.00000000
1.00000000
1.00000000
1.00000000
1.00000000
1.00000000
1.00000000
1.00000000
1.00000000
1.00000000
0.99999996
0.99999916
0.99999044
0.99989240
0.99832633
0.98685046
0.98880470
0.99920084
0.99997941
0.99999902
0.99999989
0.99999999
1.00000000
1.00000000
1.00000000
1.00000000
1.00000000
1.00000000
1.00000000
1.00000000
1.00000000
1.00000000
1.00000000
1.00000000
1.00000000
1.00000000
1.00000000
1.00000000
1.00000000
0.99999998
0.99984165
0.55133624
-0.97957041
-0.99916777
-0.99978857
-0.99986394
-0.99987743
-0.99988138
-0.99988599
-0.99989074
-0.99989030
-0.99987044
-0.99977659
-0.99928001
-0.99568243
-0.97227930
-0.92058033
-0.92656454
-0.95378433
-0.90919309
0.11540977
0.99702237
0.99999925
1.00000000
1.00000000
1.00000000
1.00000000
0.99999998
0.99999222
0.99939327
0.99754128
0.99950238
0.99998695
0.99999984
1.00000000
1.00000000
1.00000000
1.00000000
1.00000000
1.00000000
1.00000000
1.00000000
1.00000000
1.00000000
1.00000000
1.00000000
1.00000000
1.00000000
1.00000000
1.00000000
1.00000000
1.00000000
1.00000000
1.00000000
1.00000000
1.00000000
1.00000000
1.00000000
1.00000000
0.99999992
0.99998260
0.99959051
0.99897526
0.99920119
0.99892789
0.99286867
0.88258776
0.38692744
0.62175548
0.99073473
0.99998838
1.00000000
1.00000000
1.00000000
1.00000000
1.00000000
1.00000000
1.00000000
0.99999999
0.99999999
1.00000000
1.00000000
1.00000000
1.00000000
1.00000000
1.00000000
1.00000000
1.00000000
1.00000000
1.00000000
1.00000000
1.00000000
0.99999933
0.99394724
-0.03237338
-0.68574687
0.36665200
0.99430702
0.99996592
0.99999629
0.99996678
0.99132352
-0.39941072
-0.99283426
-0.99950471
-0.99984036
-0.99988947
-0.99989935
-0.99990133
-0.99990152
-0.99990107
-0.99990038
-0.99989982
-0.99989973
-0.99990018
-0.99990100
-0.99990198
-0.99990292
-0.99990376
-0.99990445
-0.99990501
-0.99990529
-0.99990492
-0.99990360
-0.99990159
-0.99989977
-0.99989893
-0.99989919
-0.99989997
-0.99990051
-0.99990048
-0.99990016
-0.99990018
-0.99990086
-0.99990199
-0.99990306
-0.99990370
-0.99990374
-0.99990314
-0.99990203
-0.99990080
-0.99989984
-0.99989893
-0.99989665
-0.99989077
-0.99988001
-0.99986683
-0.99985773
-0.99985591
-0.99985303
-0.99982708
-0.99971612
-0.99918325
-0.99511604
-0.94813989
-0.57156231
0.01962808
-0.07402236
-0.67403371
-0.95307434
-0.99380283
-0.99877334
-0.99958610
-0.99977861
-0.99983933
-0.99985956
-0.99985438
-0.99980986
-0.99968030
-0.99939180
-0.99898211
-0.99875065
-0.99884764
-0.99908155
-0.99930999
-0.99950335
-0.99964816
-0.99974079
-0.99979240
-0.99981314
-0.99980067
-0.99971916
-0.99935160
-0.99645211
-0.93159126
0.48609915
0.99628797
0.99997468
0.99999966
1.00000000
1.00000000
1.00000000
1.00000000
1.00000000
1.00000000
1.00000000
1.00000000
1.00000000
1.00000000
1.00000000
1.00000000
1.00000000
1.00000000
1.00000000
1.00000000
1.00000000
1.00000000
1.00000000
1.00000000
1.00000000
1.00000000
1.00000000
0.99999816
0.97443229
-0.85260817
-0.99632598
-0.99920616
-0.99948490
-0.99945454
-0.99894367
-0.99345760
-0.82737608
0.78116654
0.99699107
0.99988613
0.99998138
0.99999075
0.99999192
0.99998784
0.99993104
0.99712637
0.60946490
-0.94242505
-0.99822702
-0.99973756
-0.99988352
-0.99990920
-0.99990920
-0.99990920
-0.99990920
-0.99990846
-0.99990920
-0.99990920
-0.99990920
-0.99990920
-0.99990920
-0.99990920
-0.99990920
-0.99990920
-0.99990920
-0.99990920
-0.99990920
-0.99990920
-0.99990291
-0.99986011
-0.99975676
-0.99957407
-0.99944001
-0.99953070
-0.99971651
-0.99983651
-0.99989029
-0.99990920
-0.99990920
-0.99990920
-0.99990920
-0.99990920
-0.99990920
-0.99990920
-0.99990920
-0.99990920
-0.99990920
-0.99990920
-0.99990920
-0.99990920
-0.99990920
-0.99990920
-0.99990920
-0.99990920
-0.99990920
-0.99990920
-0.99989012
-0.99981424
-0.99959240
-0.99910397
-0.99867156
-0.99888552
-0.99929683
-0.99936314
-0.99809075
-0.95223220
0.82259844
0.99995232
0.99999999
1.00000000
1.00000000
1.00000000
0.99999988
0.99980414
0.94137426
0.62318323
0.95496212
0.99989049
0.99999997
1.00000000
1.00000000
1.00000000
1.00000000
1.00000000
1.00000000
1.00000000
1.00000000
0.99999876
0.99649493
0.29525206
-0.71952404
-0.27067060
0.96352904
0.99993554
0.99999986
1.00000000
1.00000000
1.00000000
1.00000000
0.99999952
0.99998602
0.99998505
0.99999911
0.99999997
1.00000000
0.99999999
0.99999996
0.99999983
0.99999988
0.99999998
1.00000000
1.00000000
0.99999977
0.99980318
0.74773134
-0.94617407
-0.99667083
-0.99759831
-0.98979470
-0.88697314
0.04006674
0.93361724
0.99883498
0.99999251
0.99999997
1.00000000
1.00000000
1.00000000
1.00000000
1.00000000
1.00000000
1.00000000
1.00000000
1.00000000
0.99999997
0.99999951
0.99999276
0.99998324
0.99999790
0.99999996
1.00000000
1.00000000
