0.99999760
0.99999317
0.99994098
0.99916847
0.99456395
0.98968429
0.98176627
0.86862599
-0.43500860
-0.98289404
-0.99894696
-0.99975984
-0.99986056
-0.99986812
-0.99984315
-0.99979831
-0.99975731
-0.99975779
-0.99980148
-0.99985104
-0.99988316
-0.99989755
-0.99989965
-0.99989303
-0.99988014
-0.99986577
-0.99985705
-0.99984851
-0.99979380
-0.99937324
-0.99120975
-0.40475772
0.98580396
0.99991531
0.99999114
0.99995150
0.99368828
-0.07350071
-0.98679400
-0.99931293
-0.99982350
-0.99988942
-0.99990157
-0.99990342
-0.99990377
-0.99990369
-0.99990296
-0.99990128
-0.99989898
-0.99989724
-0.99989735
-0.99989943
-0.99990215
-0.99990406
-0.99990466
-0.99990436
-0.99990376
-0.99990318
-0.99990261
-0.99990179
-0.99990027
-0.99989725
-0.99989050
-0.99987296
-0.99982139
-0.99965109
-0.99903136
-0.99710741
-0.99453378
-0.99555281
-0.99825311
-0.99945264
-0.99978350
-0.99987378
-0.99989924
-0.99990139
-0.99988617
-0.99984182
-0.99973933
-0.99955498
-0.99933152
-0.99905333
-0.99795610
-0.98686585
-0.71034252
0.80526820
0.99298564
0.99869596
0.99850789
0.99655135
0.99697872
0.99972811
0.99999797
1.00000000
1.00000000
1.00000000
1.00000000
1.00000000
1.00000000
1.00000000
0.99999999
0.99999999
1.00000000
1.00000000
1.00000000
1.00000000
1.00000000
0.99999994
0.99999673
0.99989714
0.99945097
0.99959208
0.99987121
0.99991092
0.99969214
0.99689919
0.96605222
0.70743124
-0.39103265
-0.95399218
-0.99670661
-0.99944843
-0.99973918
-0.99968077
-0.99907381
-0.99489424
-0.97260037
-0.94393760
-0.97220111
-0.99493556
-0.99914086
-0.99974444
-0.99985962
-0.99988790
-0.99989547
-0.99989804
-0.99989983
-0.99990155
-0.99990304
-0.99990404
-0.99990455
-0.99990471
-0.99990468
-0.99990456
-0.99990449
-0.99990457
-0.99990480
-0.99990455
-0.99990200
-0.99988922
-0.99983013
-0.99946121
-0.99438112
-0.83756561
0.42377653
0.81751300
0.42113408
-0.82288867
-0.99260443
-0.99919197
-0.99974776
-0.99985275
-0.99988145
-0.99988258
-0.99986577
-0.99984047
-0.99982694
-0.99983894
-0.99986432
-0.99988230
-0.99987817
-0.99981677
-0.99945785
-0.99558362
-0.89504832
0.44999731
0.97221171
0.99162372
0.95741546
0.05082766
-0.95831619
-0.99656304
-0.99780457
-0.99282463
-0.96344237
-0.92345317
-0.96292714
-0.99307756
-0.99836067
-0.99867061
-0.99458961
-0.92308873
-0.19706508
0.47405053
0.22774413
-0.43796133
-0.46019740
0.70065688
0.99764219
0.99998746
0.99999970
0.99999996
0.99999999
0.99999999
0.99999999
0.99999998
0.99999978
0.99999518
0.99962481
0.92266538
-0.77826211
-0.99561500
-0.99958309
-0.99985269
-0.99989488
-0.99990173
-0.99990096
-0.99989933
-0.99989860
-0.99989925
-0.99990059
-0.99990162
-0.99990182
-0.99990141
-0.99990109
-0.99990134
-0.99990188
-0.99989983
-0.99988484
-0.99981989
-0.99952426
-0.99789359
-0.99031228
-0.97745318
-0.97783265
-0.97668831
-0.86356489
0.80136578
0.99983241
0.99999982
0.99999999
0.99999999
0.99999958
0.99997504
0.99952250
0.99873373
0.99956174
0.99994616
0.99998665
0.99997345
0.99952566
0.97678110
0.53579422
-0.07287379
0.41568245
0.96647452
0.99967263
0.99999827
0.99999999
1.00000000
1.00000000
1.00000000
1.00000000
1.00000000
0.99999998
0.99999970
0.99999970
0.99999998
1.00000000
1.00000000
1.00000000
1.00000000
1.00000000
1.00000000
1.00000000
1.00000000
1.00000000
1.00000000
1.00000000
0.99999004
0.96711039
0.11397815
0.02134426
0.75594225
0.98678254
0.99976363
0.99999747
0.99999990
0.99999986
0.99999295
0.99779694
0.59902491
-0.88882812
-0.99437289
-0.99925871
-0.99975905
-0.99982744
-0.99973886
-0.99907817
-0.99233763
-0.90211336
-0.29014556
0.45888378
0.64704602
0.40671718
-0.48159535
-0.94994747
-0.99512171
-0.99872355
-0.99900107
-0.99860918
-0.99832176
-0.99883096
-0.99945875
-0.99973152
-0.99975919
-0.99927486
-0.98232176
0.60117440
0.99991842
0.99999999
1.00000000
1.00000000
1.00000000
0.99999995
0.99998614
0.99877479
0.95103104
0.20925366
-0.79593990
-0.94912082
-0.93346817
-0.40906874
0.92887798
0.99829190
0.99931257
0.98935011
0.16091658
-0.97571498
-0.99895005
-0.99977907
-0.99987690
-0.99989579
-0.99989919
-0.99989927
-0.99989888
-0.99989894
-0.99989958
-0.99990045
-0.99990106
-0.99990117
-0.99990090
-0.99990067
-0.99990100
-0.99990215
-0.99990371
-0.99990450
-0.99989949
-0.99986916
-0.99970316
-0.99808994
-0.95442073
0.17002460
0.96832027
0.99646552
0.99788708
0.99862792
0.99991166
0.99999980
1.00000000
1.00000000
1.00000000
1.00000000
1.00000000
0.99999847
0.99982803
0.99766523
0.99069363
0.97941147
0.96839086
0.96693203
0.98278347
0.99685538
0.99979518
0.99999404
0.99999989
1.00000000
1.00000000
0.99999998
0.99999894
0.99995057
0.99946006
0.99846361
0.99796843
0.99783449
0.99707486
0.99240551
0.94274837
0.14619411
-0.93783440
-0.99723358
-0.99959025
-0.99981656
-0.99984894
-0.99985161
-0.99985919
-0.99987387
-0.99988720
-0.99989541
-0.99989965
-0.99990194
-0.99990254
-0.99989710
-0.99986725
-0.99972095
-0.99862015
-0.98183787
-0.63459947
0.69263901
0.98355394
0.99943002
0.99998616
0.99999939
0.99999977
0.99999802
0.99978325
0.95154696
-0.28959204
-0.88297612
-0.88060254
-0.41716122
0.79816877
0.99398122
0.99988077
0.99999818
0.99999996
1.00000000
1.00000000
1.00000000
1.00000000
0.99999999
0.99999987
0.99999679
0.99973316
0.95417577
-0.40729971
-0.93677310
-0.93467919
-0.70715663
-0.21573875
-0.37910302
-0.87241104
-0.98212197
-0.99158152
-0.98033100
-0.90813818
-0.78234171
-0.84207030
-0.93518441
-0.94491108
-0.79117913
0.29106908
0.96187149
0.99895237
0.99998111
0.99999969
0.99999999
1.00000000
1.00000000
1.00000000
1.00000000
1.00000000
1.00000000
0.99999998
0.99999886
0.99995413
0.99956002
0.99916895
0.99925272
0.99931285
0.99950219
0.99987175
0.99998637
0.99999650
0.99998317
0.99805806
0.40773169
-0.97313094
-0.99893763
-0.99977984
-0.99987955
-0.99989961
-0.99990396
-0.99990469
-0.99990414
-0.99990262
-0.99990041
-0.99989793
-0.99989525
-0.99989225
-0.99988949
-0.99988831
-0.99988963
-0.99989295
-0.99989715
-0.99990133
-0.99990470
-0.99990666
-0.99990731
-0.99990737
-0.99990746
-0.99990758
-0.99990728
-0.99990609
-0.99990367
-0.99989991
-0.99989518
-0.99989025
-0.99988584
-0.99988245
-0.99988029
-0.99987837
-0.99987488
-0.99986970
-0.99986483
-0.99985967
-0.99984813
-0.99982361
-0.99978776
-0.99975255
-0.99972432
-0.99967134
-0.99944408
-0.99772171
-0.95478080
0.53234569
0.99863598
0.99999358
0.99999963
0.99999964
0.99999795
0.99998758
0.99998032
0.99999407
0.99999905
0.99999960
0.99999910
0.99999485
0.99998395
0.99999047
0.99999877
0.99999992
0.99999999
1.00000000
1.00000000
1.00000000
1.00000000
0.99999265
0.97741741
-0.59586603
-0.97625495
-0.99407543
-0.99786996
-0.99928362
-0.99972363
-0.99984701
-0.99988143
-0.99989061
-0.99989374
-0.99989409
-0.99988815
-0.99987196
-0.99984425
-0.99980314
-0.99971968
-0.99942549
-0.99759489
-0.97313337
-0.42298927
0.89650998
0.99510824
0.99834362
0.99159411
0.68500791
-0.87835832
-0.99632223
-0.99956647
-0.99984014
-0.99989066
-0.99990366
-0.99990692
-0.99990697
-0.99990569
-0.99990402
-0.99990243
-0.99990139
-0.99990136
-0.99990229
-0.99990326
-0.99990110
-0.99988591
-0.99981766
-0.99941856
-0.99422559
-0.78207043
0.89972439
0.99958248
0.99999633
0.99999979
0.99999989
0.99999970
0.99999865
0.99999809
0.99999975
1.00000000
1.00000000
1.00000000
1.00000000
1.00000000
1.00000000
1.00000000
0.99999626
0.99920052
0.98610657
0.97934045
0.99238298
0.99767364
0.99898793
0.99941504
0.99946947
0.99851083
0.98573983
0.88599789
0.85234191
0.97118316
0.99653591
0.99902037
0.99943468
0.99970316
0.99988505
0.99995061
0.99997543
0.99999436
0.99999979
1.00000000
1.00000000
1.00000000
1.00000000
1.00000000
1.00000000
1.00000000
1.00000000
1.00000000
1.00000000
0.99999995
0.99996705
0.97395774
-0.63399003
-0.99339650
-0.99944710
-0.99983022
-0.99989178
-0.99990563
-0.99990873
-0.99990920
-0.99990868
-0.99990624
-0.99989621
-0.99985392
-0.99963280
-0.99757531
-0.96084567
-0.52788626
0.00522615
-0.47288787
-0.92453550
-0.97644125
-0.85692487
0.92402689
0.99998708
1.00000000
1.00000000
1.00000000
1.00000000
0.99999655
0.99496374
0.24682613
-0.75655382
-0.59533763
0.53334612
0.97005611
0.99797134
0.99986854
0.99999510
0.99999991
1.00000000
1.00000000
1.00000000
1.00000000
1.00000000
1.00000000
1.00000000
1.00000000
1.00000000
0.99999999
0.99999663
0.99988264
0.99989982
0.99999826
1.00000000
1.00000000
1.00000000
1.00000000
1.00000000
1.00000000
0.99998063
0.92675666
-0.82918555
-0.98293128
-0.98083270
-0.94507871
-0.91388788
-0.96149937
-0.99166577
-0.99671127
-0.99205806
-0.81362045
0.91382655
0.99988273
0.99999987
1.00000000
1.00000000
1.00000000
1.00000000
0.99999988
0.99999935
0.99999996
1.00000000
1.00000000
1.00000000
1.00000000
1.00000000
1.00000000
1.00000000
1.00000000
1.00000000
1.00000000
1.00000000
0.99999703
0.99224804
-0.40100867
-0.98467914
-0.99492185
-0.96992222
-0.10938359
0.96873757
0.99703321
0.99106064
0.62459567
-0.92117693
-0.99768694
-0.99967828
-0.99985755
-0.99988914
-0.99989511
-0.99989621
-0.99989704
-0.99989838
-0.99989994
-0.99990125
-0.99990195
-0.99990186
-0.99990103
-0.99989977
-0.99989860
-0.99989792
-0.99989780
-0.99989806
-0.99989845
-0.99989869
-0.99989846
-0.99989780
-0.99989721
-0.99989738
-0.99989848
-0.99990001
-0.99990115
-0.99990136
-0.99990064
-0.99989944
-0.99989840
-0.99989803
-0.99989845
-0.99989936
-0.99990028
-0.99990074
-0.99990056
-0.99989981
-0.99989895
-0.99989855
-0.99989894
-0.99989980
-0.99990051
-0.99990085
-0.99990121
-0.99990202
-0.99990315
-0.99990382
-0.99990271
-0.99989768
-0.99988570
-0.99986459
-0.99983832
-0.99982121
-0.99982635
-0.99984848
-0.99987277
-0.99989123
-0.99990307
-0.99990920
-0.99990920
-0.99990920
-0.99990920
-0.99990920
-0.99990920
-0.99990822
-0.99990659
-0.99990560
-0.99990535
-0.99990549
-0.99990575
-0.99990642
-0.99990778
-0.99990920
-0.99990920
-0.99990920
-0.99990920
-0.99990681
-0.99989357
-0.99983700
-0.99948282
-0.99407864
-0.75613966
0.82140865
0.99097603
0.99679968
0.99698853
0.99866751
0.99981483
0.99997825
0.99999637
0.99999967
0.99999999
1.00000000
1.00000000
1.00000000
1.00000000
1.00000000
0.99999999
0.99999990
0.99999997
1.00000000
1.00000000
1.00000000
1.00000000
1.00000000
0.99999995
0.99998269
0.99051607
-0.15905206
-0.98062918
-0.99876855
-0.99971515
-0.99984563
-0.99986704
-0.99983646
-0.99962542
-0.99753637
-0.95324571
-0.28909056
0.56033399
0.52245796
-0.04745114
-0.44028663
-0.28456956
0.17024251
0.19385518
-0.56802255
-0.96941291
-0.99810335
-0.99970745
-0.99988278
-0.99990920
-0.99990920
-0.99990920
-0.99990920
-0.99990873
-0.99990769
-0.99990920
-0.99990920
-0.99990920
-0.99990920
-0.99990920
-0.99990920
-0.99990920
-0.99990920
-0.99990920
-0.99990920
-0.99990920
-0.99990920
-0.99990920
-0.99990920
-0.99990920
-0.99990920
-0.99990920
-0.99990920
-0.99990920
-0.99990920
-0.99990920
-0.99990920
-0.99990920
-0.99990920
-0.99990920
-0.99990920
-0.99990920
-0.99990920
-0.99990920
-0.99990920
-0.99990920
-0.99990920
-0.99990920
-0.99990920
-0.99990920
-0.99990920
-0.99990920
-0.99990920
-0.99990920
-0.99990920
-0.99990920
-0.99990469
-0.99987416
-0.99983471
-0.99981329
-0.99982971
-0.99985980
-0.99986215
-0.99974786
-0.99837490
-0.93272867
0.81461845
0.99965440
0.99999837
0.99999992
0.99999993
0.99999885
0.99981425
0.96051995
0.39324265
0.72288020
0.99823429
0.99999936
1.00000000
1.00000000
1.00000000
1.00000000
1.00000000
1.00000000
1.00000000
0.99999997
0.99994275
0.91053793
-0.77920389
-0.96881337
-0.91977347
0.06573726
0.97448972
0.99921672
0.99989060
0.99993446
0.99983501
0.99814173
0.96109833
0.77084080
0.86810802
0.98990102
0.99937963
0.99979410
0.99943492
0.99678755
0.99495123
0.99912674
0.99996185
0.99999709
0.99999737
0.99993454
0.98152336
-0.58018557
-0.99426421
-0.99952963
-0.99981379
-0.99980263
-0.99955144
-0.99751478
-0.96313414
-0.28327562
0.88399418
0.99330831
0.99958650
0.99998715
0.99999985
1.00000000
1.00000000
1.00000000
0.99999999
0.99999795
0.99970064
0.98403097
0.63351589
-0.49772440
-0.81322185
-0.71556227
-0.16638644
0.50411384
0.74430234
