0.99986689
0.99982808
0.99957525
0.99836924
0.99607093
0.99520717
0.98987938
0.87558246
-0.57979278
-0.98972431
-0.99929064
-0.99981320
-0.99988649
-0.99990084
-0.99990247
-0.99990141
-0.99990035
-0.99990027
-0.99990117
-0.99990273
-0.99990443
-0.99990572
-0.99990612
-0.99990530
-0.99990337
-0.99990081
-0.99989763
-0.99988829
-0.99984584
-0.99959394
-0.99624723
-0.82701009
0.89500098
0.99932707
0.99996257
0.99991948
0.99486413
0.15637612
-0.98063109
-0.99915128
-0.99981016
-0.99989012
-0.99990576
-0.99990863
-0.99990880
-0.99990827
-0.99990764
-0.99990711
-0.99990678
-0.99990659
-0.99990624
-0.99990543
-0.99990428
-0.99990341
-0.99990346
-0.99990443
-0.99990570
-0.99990655
-0.99990662
-0.99990592
-0.99990448
-0.99990189
-0.99989705
-0.99988806
-0.99987080
-0.99983462
-0.99975598
-0.99960514
-0.99942123
-0.99938678
-0.99955492
-0.99973545
-0.99983551
-0.99987862
-0.99989472
-0.99989761
-0.99988942
-0.99986441
-0.99981283
-0.99973411
-0.99964479
-0.99949878
-0.99883244
-0.99241621
-0.87043963
0.15644099
0.76049099
0.69875285
0.15434681
-0.28957280
0.26588460
0.97989051
0.99997870
0.99999999
1.00000000
1.00000000
1.00000000
1.00000000
1.00000000
1.00000000
1.00000000
1.00000000
1.00000000
1.00000000
1.00000000
1.00000000
1.00000000
0.99999995
0.99999389
0.99948635
0.99192314
0.98247542
0.98605752
0.98204258
0.91694261
0.31306134
-0.72337785
-0.95706051
-0.99164890
-0.99816414
-0.99949211
-0.99978569
-0.99985403
-0.99984485
-0.99975023
-0.99944884
-0.99878342
-0.99827756
-0.99874789
-0.99942315
-0.99974204
-0.99985223
-0.99988933
-0.99990208
-0.99990636
-0.99990740
-0.99990702
-0.99990597
-0.99990480
-0.99990400
-0.99990400
-0.99990481
-0.99990590
-0.99990654
-0.99990629
-0.99990509
-0.99990329
-0.99990100
-0.99989708
-0.99988517
-0.99983960
-0.99961859
-0.99781308
-0.97156962
-0.69713226
-0.31809390
-0.70240476
-0.97265638
-0.99792551
-0.99963974
-0.99984780
-0.99988992
-0.99989984
-0.99990155
-0.99990116
-0.99990033
-0.99989939
-0.99989786
-0.99989523
-0.99989003
-0.99987572
-0.99982420
-0.99958973
-0.99787267
-0.97466823
-0.64887736
0.24203932
0.33264632
-0.51706201
-0.96580320
-0.99736785
-0.99930788
-0.99925495
-0.99780235
-0.99208860
-0.98594156
-0.99179447
-0.99759848
-0.99912829
-0.99913846
-0.99668016
-0.96132333
-0.58742484
-0.01707964
-0.23851119
-0.63565822
-0.42945154
0.85931588
0.99947302
0.99999806
0.99999996
1.00000000
1.00000000
1.00000000
1.00000000
1.00000000
0.99999999
0.99999975
0.99998341
0.99549632
0.02188550
-0.98494671
-0.99925275
-0.99981413
-0.99988633
-0.99990077
-0.99990378
-0.99990458
-0.99990490
-0.99990533
-0.99990593
-0.99990665
-0.99990732
-0.99990761
-0.99990727
-0.99990623
-0.99990446
-0.99989932
-0.99987897
-0.99979571
-0.99938624
-0.99677455
-0.98291804
-0.95984693
-0.96676854
-0.97629971
-0.93069015
0.08547085
0.99005148
0.99987920
0.99997208
0.99982158
0.99348478
0.84790791
0.51967901
0.80974411
0.98954546
0.99957752
0.99989715
0.99955393
0.98032167
0.10205130
-0.91172838
-0.97308332
-0.92809729
-0.14484392
0.97086709
0.99985204
0.99999921
0.99999999
1.00000000
1.00000000
1.00000000
1.00000000
0.99999994
0.99999897
0.99999733
0.99999913
0.99999996
1.00000000
1.00000000
1.00000000
1.00000000
1.00000000
1.00000000
1.00000000
1.00000000
1.00000000
0.99999999
0.99982358
0.85903204
-0.25062107
-0.25063776
0.62342263
0.98701535
0.99994499
0.99999993
1.00000000
1.00000000
0.99999994
0.99989491
0.88580223
-0.83683987
-0.99452378
-0.99934930
-0.99978610
-0.99985082
-0.99981042
-0.99955370
-0.99797718
-0.98476613
-0.86935314
-0.31984865
0.30233780
0.28784510
-0.46348016
-0.94548717
-0.99515371
-0.99893203
-0.99934586
-0.99928890
-0.99922925
-0.99939799
-0.99963754
-0.99976872
-0.99976660
-0.99935990
-0.98967677
-0.02272868
0.99858055
0.99999918
0.99999999
1.00000000
0.99999986
0.99996894
0.99440377
0.70008815
-0.66177460
-0.97466882
-0.99674879
-0.99894365
-0.99896524
-0.99668902
-0.97388428
-0.81188528
-0.62209305
-0.84547904
-0.98276445
-0.99831976
-0.99966701
-0.99985324
-0.99989222
-0.99990079
-0.99990214
-0.99990279
-0.99990424
-0.99990613
-0.99990763
-0.99990823
-0.99990785
-0.99990671
-0.99990514
-0.99990351
-0.99990210
-0.99990117
-0.99990076
-0.99990011
-0.99989448
-0.99986566
-0.99972143
-0.99857131
-0.97761551
-0.47437089
0.75062820
0.92709974
0.87602864
0.60635170
0.54875743
0.94713075
0.99955721
0.99999809
0.99999994
0.99999992
0.99999687
0.99966266
0.98688912
0.89290153
0.72967302
0.69900188
0.83660961
0.95242776
0.99089451
0.99860804
0.99981709
0.99998485
0.99999943
0.99999998
0.99999999
0.99999994
0.99999761
0.99992508
0.99910350
0.99372791
0.97364189
0.96174438
0.98314789
0.99396363
0.99074528
0.86505604
-0.65639230
-0.99173806
-0.99933812
-0.99979603
-0.99986296
-0.99987704
-0.99988356
-0.99989032
-0.99989614
-0.99989983
-0.99990152
-0.99990195
-0.99990142
-0.99989793
-0.99988292
-0.99982592
-0.99958334
-0.99816378
-0.98593912
-0.84141882
0.28327562
0.97119305
0.99932631
0.99995532
0.99997086
0.99974710
0.98965627
0.69265451
-0.20418590
-0.33992993
0.36583480
0.95147273
0.99843110
0.99989382
0.99997332
0.99998571
0.99999262
0.99999741
0.99999938
0.99999986
0.99999992
0.99999981
0.99999766
0.99991813
0.99414925
0.55350148
-0.88515267
-0.99049467
-0.99555947
-0.99373595
-0.99115001
-0.99371569
-0.99727880
-0.99837359
-0.99710931
-0.98320129
-0.86056213
-0.53110848
-0.53189974
-0.80196617
-0.93213425
-0.96147755
-0.95023625
-0.83638543
0.00496086
0.94867923
0.99931622
0.99999102
0.99999986
1.00000000
1.00000000
1.00000000
1.00000000
1.00000000
1.00000000
1.00000000
0.99999998
0.99999955
0.99999844
0.99999623
0.99998634
0.99995573
0.99994912
0.99997426
0.99996914
0.99955615
0.93835231
-0.75781322
-0.99561848
-0.99957854
-0.99984833
-0.99989407
-0.99990501
-0.99990809
-0.99990900
-0.99990920
-0.99990914
-0.99990888
-0.99990828
-0.99990717
-0.99990559
-0.99990392
-0.99990271
-0.99990240
-0.99990286
-0.99990345
-0.99990354
-0.99990292
-0.99990173
-0.99990032
-0.99989923
-0.99989900
-0.99989978
-0.99990107
-0.99990194
-0.99990151
-0.99989933
-0.99989549
-0.99989067
-0.99988613
-0.99988352
-0.99988419
-0.99988796
-0.99989282
-0.99989582
-0.99989329
-0.99987883
-0.99983977
-0.99975700
-0.99963145
-0.99953827
-0.99955311
-0.99960256
-0.99953693
-0.99885719
-0.98955973
-0.59299192
0.95617949
0.99974598
0.99999368
0.99999837
0.99999593
0.99995993
0.99961783
0.99893578
0.99926286
0.99969926
0.99984820
0.99993492
0.99999242
0.99999985
1.00000000
1.00000000
1.00000000
1.00000000
1.00000000
0.99999999
0.99999970
0.99989828
0.87847916
-0.93474239
-0.99850543
-0.99974549
-0.99986521
-0.99988865
-0.99989458
-0.99989581
-0.99989473
-0.99989272
-0.99989036
-0.99988645
-0.99987761
-0.99986082
-0.99983688
-0.99980756
-0.99975155
-0.99954823
-0.99833724
-0.98315679
-0.59168534
0.87358793
0.99626524
0.99924401
0.99703490
0.86503595
-0.77910350
-0.99469895
-0.99947393
-0.99982117
-0.99988233
-0.99989873
-0.99990372
-0.99990484
-0.99990448
-0.99990394
-0.99990369
-0.99990367
-0.99990363
-0.99990332
-0.99990253
-0.99990086
-0.99989704
-0.99988583
-0.99984318
-0.99961954
-0.99710844
-0.89326443
0.80499069
0.99903634
0.99998721
0.99999898
0.99999961
0.99999973
0.99999992
1.00000000
1.00000000
1.00000000
1.00000000
1.00000000
1.00000000
1.00000000
0.99999973
0.99992979
0.99674007
0.97975762
0.97579754
0.98794513
0.99489358
0.99767829
0.99893246
0.99929117
0.99839900
0.98508844
0.85805623
0.74897385
0.92855712
0.99029171
0.99754172
0.99833976
0.99749697
0.99285040
0.97384381
0.95090722
0.98638076
0.99978971
0.99999973
1.00000000
1.00000000
1.00000000
1.00000000
1.00000000
1.00000000
1.00000000
1.00000000
1.00000000
0.99999991
0.99986778
0.81576091
-0.94222303
-0.99842470
-0.99973947
-0.99987248
-0.99989869
-0.99990446
-0.99990508
-0.99990416
-0.99990293
-0.99990115
-0.99989433
-0.99986401
-0.99972189
-0.99876485
-0.98862125
-0.90317176
-0.76720651
-0.89237639
-0.98240530
-0.99473872
-0.98511083
-0.32313762
0.99650595
0.99999827
0.99999999
0.99999998
0.99999786
0.99768333
0.14688564
-0.97001268
-0.99664498
-0.99749739
-0.99324958
-0.96257414
-0.71049824
0.36472611
0.94324941
0.99712955
0.99993483
0.99999970
1.00000000
1.00000000
1.00000000
1.00000000
1.00000000
1.00000000
1.00000000
1.00000000
0.99999968
0.99958988
0.98717851
0.99079499
0.99952464
0.99998958
0.99999952
0.99999983
0.99999891
0.99986961
0.93631943
-0.79805420
-0.99443726
-0.99902293
-0.99936727
-0.99928856
-0.99922906
-0.99937105
-0.99952851
-0.99944378
-0.99805918
-0.96832330
0.18571663
0.99661350
0.99999683
1.00000000
1.00000000
1.00000000
1.00000000
0.99999973
0.99999736
0.99999981
1.00000000
1.00000000
1.00000000
1.00000000
1.00000000
1.00000000
1.00000000
1.00000000
1.00000000
1.00000000
0.99999995
0.99996420
0.97804690
-0.49841106
-0.98673074
-0.99719915
-0.99235807
-0.83210056
0.67135752
0.97472254
0.96786789
0.47009089
-0.91885232
-0.99732037
-0.99964392
-0.99985232
-0.99988992
-0.99989812
-0.99989951
-0.99989892
-0.99989779
-0.99989709
-0.99989736
-0.99989865
-0.99990044
-0.99990198
-0.99990285
-0.99990318
-0.99990339
-0.99990370
-0.99990403
-0.99990438
-0.99990488
-0.99990563
-0.99990650
-0.99990728
-0.99990784
-0.99990817
-0.99990822
-0.99990785
-0.99990700
-0.99990592
-0.99990517
-0.99990511
-0.99990558
-0.99990615
-0.99990655
-0.99990673
-0.99990661
-0.99990607
-0.99990532
-0.99990484
-0.99990496
-0.99990531
-0.99990498
-0.99990321
-0.99990002
-0.99989651
-0.99989424
-0.99989386
-0.99989426
-0.99989271
-0.99988479
-0.99986352
-0.99981977
-0.99974918
-0.99966784
-0.99961256
-0.99961161
-0.99966570
-0.99974722
-0.99981877
-0.99986358
-0.99988585
-0.99989480
-0.99989726
-0.99989703
-0.99989575
-0.99989399
-0.99989233
-0.99989168
-0.99989263
-0.99989468
-0.99989662
-0.99989761
-0.99989769
-0.99989746
-0.99989737
-0.99989744
-0.99989720
-0.99989568
-0.99988918
-0.99986312
-0.99975310
-0.99912701
-0.99353324
-0.93831901
-0.67521533
-0.21953432
0.49621829
0.96373741
0.99919625
0.99996188
0.99999153
0.99999807
0.99999995
1.00000000
1.00000000
1.00000000
1.00000000
0.99999994
0.99996738
0.99965040
0.99990440
0.99999229
0.99999858
0.99999926
0.99999939
0.99999881
0.99998399
0.99820963
0.61824177
-0.93535705
-0.99755059
-0.99960666
-0.99982643
-0.99986777
-0.99986923
-0.99983434
-0.99963871
-0.99794384
-0.96977411
-0.60874024
-0.00103330
-0.28987977
-0.82387332
-0.94830581
-0.94760134
-0.88882195
-0.85780798
-0.94801524
-0.99300542
-0.99909213
-0.99977583
-0.99988904
-0.99990920
-0.99990920
-0.99990920
-0.99990920
-0.99990920
-0.99990920
-0.99990920
-0.99990920
-0.99990920
-0.99990920
-0.99990920
-0.99990920
-0.99990920
-0.99990920
-0.99990920
-0.99990920
-0.99990920
-0.99990920
-0.99990920
-0.99990920
-0.99990920
-0.99990920
-0.99990920
-0.99990920
-0.99990920
-0.99990920
-0.99990920
-0.99990920
-0.99990920
-0.99990920
-0.99990920
-0.99990920
-0.99990920
-0.99990920
-0.99990920
-0.99990920
-0.99990920
-0.99990920
-0.99990920
-0.99990920
-0.99990920
-0.99990920
-0.99990920
-0.99990920
-0.99990920
-0.99990920
-0.99990920
-0.99990920
-0.99990920
-0.99990920
-0.99990920
-0.99990920
-0.99990920
-0.99990406
-0.99986036
-0.99961403
-0.99694385
-0.92430551
0.33902429
0.97735605
0.99865798
0.99965043
0.99929503
0.98892243
0.69195092
-0.07910975
0.66977055
0.99895475
0.99999981
1.00000000
1.00000000
1.00000000
1.00000000
1.00000000
1.00000000
1.00000000
0.99999893
0.99883183
0.46301473
-0.92610969
-0.98152405
-0.92123125
0.29427686
0.98845795
0.99950512
0.99969289
0.99782899
0.94096714
-0.05808285
-0.89610984
-0.95694785
-0.82919508
0.38118648
0.96381733
0.99055743
0.97595190
0.87737711
0.85782750
0.98450920
0.99959576
0.99997850
0.99998543
0.99975199
0.95713317
-0.69875658
-0.99469022
-0.99945117
-0.99972616
-0.99961079
-0.99877211
-0.99100488
-0.84789737
0.45538713
0.97275692
0.99781806
0.99970774
0.99997299
0.99999906
0.99999998
1.00000000
1.00000000
0.99999974
0.99991025
0.97540391
0.02347319
-0.90643212
-0.98717337
-0.99538449
-0.99588498
-0.99379189
-0.99003523
-0.98695839
