0.99999999
0.99999991
0.99999816
0.99998148
0.99992189
0.99972457
0.99887421
0.99607384
0.99137210
0.98499414
0.96191092
0.79569353
-0.11746285
-0.85655966
-0.96617901
-0.97837560
-0.97090398
-0.93571823
-0.72986187
0.29450821
0.92199185
0.97557575
0.93681111
0.59021739
0.06217878
0.36927797
0.90561645
0.99527777
0.99979916
0.99997973
0.99998390
0.99986754
0.99687712
0.96617368
0.91970463
0.90766928
0.83208087
0.40809748
-0.42892804
-0.81690815
-0.92924036
-0.97534490
-0.99319683
-0.99811990
-0.99931934
-0.99962471
-0.99965532
-0.99945969
-0.99868009
-0.99569913
-0.98357509
-0.93480241
-0.78585251
-0.58434666
-0.61744544
-0.85425538
-0.97118154
-0.99386226
-0.99762142
-0.99812438
-0.99701798
-0.98974696
-0.92061092
-0.14727796
0.92384206
0.99821642
0.99994485
0.99999597
0.99999918
0.99999969
0.99999988
0.99999997
0.99999999
0.99999999
0.99999997
0.99999977
0.99999911
0.99999918
0.99999983
0.99999998
1.00000000
1.00000000
1.00000000
0.99999999
1.00000000
1.00000000
1.00000000
1.00000000
1.00000000
1.00000000
1.00000000
1.00000000
1.00000000
0.99999979
0.99999376
0.99996694
0.99995109
0.99994936
0.99993808
0.99994905
0.99999136
0.99999975
0.99999999
1.00000000
0.99999999
0.99999959
0.99999290
0.99996923
0.99994766
0.99994120
0.99995996
0.99998637
0.99999633
0.99999788
0.99999531
0.99997766
0.99993940
0.99996329
0.99999414
0.99999941
0.99999993
0.99999999
1.00000000
1.00000000
1.00000000
1.00000000
1.00000000
1.00000000
1.00000000
1.00000000
1.00000000
0.99999985
0.99959129
0.84403995
-0.49111607
-0.85273613
-0.88794454
-0.89443494
-0.92061850
-0.94333487
-0.93956052
-0.88645120
-0.74425916
-0.62918794
-0.75153343
-0.90781967
-0.94497109
-0.80626370
0.63398070
0.99795107
0.99999200
0.99999990
0.99999999
1.00000000
0.99999998
0.99999962
0.99999496
0.99998090
0.99997465
0.99996062
0.99984466
0.99916550
0.99876602
0.99987170
0.99999904
1.00000000
1.00000000
1.00000000
1.00000000
0.99999998
1.00000000
1.00000000
1.00000000
1.00000000
1.00000000
1.00000000
1.00000000
0.99999998
0.99999539
0.99987774
0.99964202
0.99984173
0.99997941
0.99999778
0.99999950
0.99999972
0.99999976
0.99999985
0.99999996
0.99999999
1.00000000
1.00000000
1.00000000
1.00000000
1.00000000
1.00000000
1.00000000
1.00000000
1.00000000
1.00000000
1.00000000
1.00000000
1.00000000
1.00000000
0.99999999
0.99999993
0.99999955
0.99999842
0.99999655
0.99999048
0.99994334
0.99930957
0.98819784
0.80572308
-0.28267665
-0.91643076
-0.98785836
-0.99558146
-0.99516796
-0.98714443
-0.95177947
-0.87033715
-0.83618323
-0.89210368
-0.92865030
-0.88307528
-0.40070651
0.77954378
0.98765479
0.99878896
0.99975292
0.99991375
0.99994626
0.99993852
0.99993373
0.99997800
0.99999817
0.99999985
0.99999993
0.99999982
0.99999941
0.99999929
0.99999973
0.99999994
0.99999999
0.99999999
0.99999999
0.99999999
0.99999994
0.99999970
0.99999731
0.99996838
0.99988697
0.99997464
0.99999952
0.99999999
1.00000000
1.00000000
0.99999999
0.99999998
0.99999999
1.00000000
1.00000000
1.00000000
1.00000000
1.00000000
0.99999995
0.99999858
0.99994493
0.99920947
0.99785739
0.99850228
0.99946331
0.99989238
0.99999364
0.99999993
1.00000000
1.00000000
1.00000000
1.00000000
1.00000000
1.00000000
1.00000000
1.00000000
1.00000000
1.00000000
1.00000000
1.00000000
1.00000000
1.00000000
0.99999998
0.99999988
0.99999965
0.99999971
0.99999991
0.99999997
0.99999998
0.99999995
0.99999961
0.99999729
0.99999266
0.99999336
0.99999665
0.99999791
0.99999732
0.99999325
0.99997736
0.99993548
0.99988912
0.99989932
0.99994463
0.99997436
0.99998649
0.99999158
0.99999543
0.99999859
0.99999979
0.99999997
0.99999999
1.00000000
0.99999999
0.99999999
1.00000000
1.00000000
1.00000000
1.00000000
1.00000000
1.00000000
1.00000000
1.00000000
1.00000000
1.00000000
1.00000000
1.00000000
1.00000000
1.00000000
1.00000000
0.99999969
0.99998265
0.99975172
0.99886458
0.99644726
0.98241257
0.82266397
-0.15374406
-0.80503180
-0.89097607
-0.82106142
-0.47852010
0.31707941
0.84268583
0.96013600
0.97865012
0.97293483
0.93951143
0.85477055
0.77915954
0.86679104
0.97965499
0.99921127
0.99998528
0.99999968
0.99999999
1.00000000
1.00000000
1.00000000
1.00000000
1.00000000
1.00000000
1.00000000
1.00000000
1.00000000
1.00000000
1.00000000
1.00000000
1.00000000
1.00000000
1.00000000
1.00000000
1.00000000
1.00000000
1.00000000
1.00000000
0.99999999
0.99999996
0.99999997
1.00000000
1.00000000
1.00000000
1.00000000
1.00000000
1.00000000
1.00000000
1.00000000
1.00000000
1.00000000
1.00000000
1.00000000
1.00000000
1.00000000
1.00000000
1.00000000
1.00000000
1.00000000
1.00000000
1.00000000
0.99999995
0.99998460
0.99690994
0.90070559
0.72572796
0.90831012
0.99398547
0.99972011
0.99996317
0.99997361
0.99993538
0.99983376
0.99983452
0.99994899
0.99999338
0.99999957
0.99999999
1.00000000
1.00000000
1.00000000
1.00000000
1.00000000
1.00000000
1.00000000
1.00000000
1.00000000
1.00000000
1.00000000
1.00000000
1.00000000
1.00000000
1.00000000
1.00000000
1.00000000
1.00000000
1.00000000
1.00000000
1.00000000
1.00000000
1.00000000
1.00000000
1.00000000
1.00000000
1.00000000
1.00000000
1.00000000
1.00000000
1.00000000
1.00000000
1.00000000
1.00000000
1.00000000
1.00000000
1.00000000
1.00000000
1.00000000
1.00000000
1.00000000
1.00000000
1.00000000
1.00000000
1.00000000
0.99999976
0.99999604
0.99999591
0.99999904
0.99999966
0.99999970
0.99999979
0.99999996
1.00000000
1.00000000
1.00000000
1.00000000
1.00000000
1.00000000
1.00000000
1.00000000
1.00000000
0.99999979
0.99999794
0.99999741
0.99999705
0.99997998
0.99875839
0.81845851
-0.75395563
-0.97763396
-0.99071727
-0.98918991
-0.98023892
-0.96307768
-0.94305244
-0.92254977
-0.87280459
-0.62439394
0.47501154
0.99004054
0.99997874
0.99999999
1.00000000
1.00000000
1.00000000
1.00000000
1.00000000
1.00000000
1.00000000
1.00000000
1.00000000
1.00000000
1.00000000
1.00000000
1.00000000
1.00000000
1.00000000
1.00000000
1.00000000
1.00000000
1.00000000
1.00000000
1.00000000
1.00000000
1.00000000
1.00000000
1.00000000
1.00000000
1.00000000
1.00000000
1.00000000
1.00000000
1.00000000
1.00000000
1.00000000
1.00000000
1.00000000
1.00000000
1.00000000
1.00000000
1.00000000
1.00000000
1.00000000
1.00000000
1.00000000
1.00000000
1.00000000
1.00000000
1.00000000
1.00000000
1.00000000
1.00000000
1.00000000
1.00000000
1.00000000
1.00000000
1.00000000
1.00000000
1.00000000
0.99999997
0.99999988
0.99999993
0.99999999
1.00000000
1.00000000
1.00000000
1.00000000
1.00000000
1.00000000
1.00000000
1.00000000
1.00000000
1.00000000
1.00000000
1.00000000
1.00000000
1.00000000
1.00000000
1.00000000
1.00000000
1.00000000
1.00000000
1.00000000
0.99999999
0.99999925
0.99996102
0.99936232
0.99695402
0.99497043
0.99742184
0.99963056
0.99997049
0.99999472
0.99999526
0.99998864
0.99997897
0.99998014
0.99998213
0.99997517
0.99997011
0.99998866
0.99999882
0.99999992
0.99999999
1.00000000
1.00000000
1.00000000
1.00000000
0.99999999
0.99999997
0.99999996
0.99999997
0.99999997
0.99999998
0.99999999
1.00000000
1.00000000
1.00000000
1.00000000
1.00000000
1.00000000
1.00000000
1.00000000
1.00000000
1.00000000
1.00000000
1.00000000
1.00000000
1.00000000
1.00000000
1.00000000
1.00000000
1.00000000
1.00000000
1.00000000
1.00000000
1.00000000
1.00000000
1.00000000
1.00000000
1.00000000
1.00000000
1.00000000
1.00000000
0.99999994
0.99999967
0.99999931
0.99999937
0.99999978
0.99999996
0.99999999
1.00000000
1.00000000
0.99999999
0.99999993
0.99999871
0.99996746
0.99928215
0.98882247
0.88776831
0.45742226
-0.07545153
-0.26023681
-0.04550445
0.62235246
0.97886386
0.99981700
0.99999944
1.00000000
1.00000000
1.00000000
1.00000000
1.00000000
1.00000000
1.00000000
1.00000000
1.00000000
1.00000000
1.00000000
1.00000000
1.00000000
1.00000000
1.00000000
1.00000000
1.00000000
1.00000000
1.00000000
1.00000000
1.00000000
1.00000000
1.00000000
0.99999999
0.99999996
0.99999863
0.99991114
0.99756883
0.98926029
0.99441823
0.99955080
0.99998674
0.99999958
0.99999997
0.99999999
1.00000000
0.99999999
0.99999997
0.99999991
0.99999980
0.99999953
0.99999892
0.99999907
0.99999986
1.00000000
1.00000000
1.00000000
1.00000000
1.00000000
1.00000000
1.00000000
1.00000000
1.00000000
1.00000000
1.00000000
1.00000000
1.00000000
1.00000000
0.99999999
0.99999999
1.00000000
1.00000000
1.00000000
1.00000000
1.00000000
1.00000000
1.00000000
0.99999990
0.99999935
0.99999889
0.99999922
0.99999952
0.99999968
0.99999990
0.99999999
1.00000000
1.00000000
1.00000000
1.00000000
1.00000000
1.00000000
1.00000000
0.99999999
0.99999976
0.99999372
0.99958627
0.95625043
-0.18500679
-0.93299513
-0.99012690
-0.99782935
-0.99949873
-0.99985241
-0.99990920
-0.99983460
-0.99918507
-0.99407448
-0.97290072
-0.95458884
-0.96970878
-0.98721320
-0.99438745
-0.99640462
-0.99634971
-0.99527460
-0.99435353
-0.99450990
-0.99555621
-0.99724630
-0.99871797
-0.99928346
-0.99895534
-0.99464225
-0.94698076
-0.67338252
-0.37675206
-0.59531490
-0.92879517
-0.99571428
-0.99976553
-0.99990920
-0.99990920
-0.99990920
-0.99990920
-0.99990010
-0.99986825
-0.99985867
-0.99985363
-0.99982550
-0.99966314
-0.99828554
-0.96726945
0.10109388
0.99084855
0.99995435
0.99999965
1.00000000
1.00000000
1.00000000
1.00000000
1.00000000
1.00000000
1.00000000
1.00000000
1.00000000
1.00000000
1.00000000
1.00000000
1.00000000
1.00000000
1.00000000
1.00000000
1.00000000
1.00000000
1.00000000
1.00000000
1.00000000
1.00000000
1.00000000
1.00000000
1.00000000
1.00000000
1.00000000
1.00000000
1.00000000
1.00000000
1.00000000
1.00000000
1.00000000
1.00000000
1.00000000
1.00000000
1.00000000
1.00000000
1.00000000
1.00000000
1.00000000
1.00000000
1.00000000
1.00000000
1.00000000
1.00000000
0.99999999
0.99999993
0.99999955
0.99999732
0.99998843
0.99997687
0.99998783
0.99999893
0.99999998
1.00000000
1.00000000
1.00000000
0.99999965
0.99643164
-0.97760328
-0.99990920
-0.99990920
-0.99990920
-0.99990920
-0.99990920
-0.99990920
-0.99990920
-0.99990920
-0.99990920
-0.99990920
-0.97725694
0.92854631
0.99936565
0.99992469
0.99996957
0.99998637
0.99999428
0.99999552
0.99998143
0.99905427
0.46467201
-0.99905801
-0.99990920
-0.99990920
-0.99990920
-0.99990920
-0.99990920
-0.99990920
-0.99990920
-0.99990920
-0.99990920
-0.99990920
-0.99990920
-0.99990920
-0.99990920
-0.99990920
-0.99990920
-0.99990920
-0.99990920
-0.99990920
-0.99990920
-0.99990920
-0.99990920
-0.99990920
-0.99990920
-0.99990920
-0.99990920
-0.99990920
-0.99990920
-0.99990920
-0.99990920
-0.99990920
-0.99990920
-0.99990920
-0.99990920
-0.99990920
-0.99990920
-0.99990920
-0.99990920
-0.99990920
-0.99990920
-0.99990920
-0.99990920
-0.99990920
-0.99990920
-0.99990920
-0.99990920
-0.99990920
-0.99990920
-0.99990920
-0.99990920
-0.99990920
-0.99990920
-0.99990920
-0.99990920
-0.99990920
-0.99990920
-0.99990920
-0.99990920
-0.99990920
-0.99966498
-0.98963696
-0.72408041
0.40781798
0.77757030
0.57327435
-0.60736783
-0.99009299
-0.99974721
-0.99990920
-0.99989673
-0.99604714
-0.50036618
0.96353015
0.99918133
0.99986583
0.99981753
0.99873139
0.97639198
0.36935621
-0.94552580
-0.99948990
-0.99990920
-0.99990920
-0.99990920
-0.99990920
-0.86531328
0.99950572
0.99999999
1.00000000
1.00000000
1.00000000
1.00000000
1.00000000
1.00000000
1.00000000
1.00000000
1.00000000
1.00000000
0.99999999
0.99999998
0.99999999
1.00000000
0.99999999
0.99999981
0.99999149
0.99974571
0.99788061
0.99659853
0.99898893
0.99992112
0.99999625
0.99999969
0.99999991
0.99999993
0.99999988
0.99999981
0.99999974
0.99999956
0.99999877
0.99999404
0.99996855
0.99991201
0.99991496
0.99996432
0.99998849
0.99999650
0.99999938
0.99999997
1.00000000
1.00000000
1.00000000
1.00000000
1.00000000
1.00000000
