-0.85422558
-0.84662453
-0.84800179
-0.81160460
-0.86257810
-0.87498662
-0.84248535
-0.87014382
-0.81133606
-0.82971607
-0.85040806
-0.85171220
-0.83062664
-0.82892756
-0.85410340
-0.82580168
-0.81284068
-0.82723524
-0.80007001
-0.84910393
-0.81081388
-0.83753245
-0.84181525
-0.83004746
-0.80702883
-0.79801115
-0.80268449
-0.83319141
-0.88118438
-0.88128107
-0.88612676
-0.87151086
-0.87953835
-0.86602165
-0.93144736
-0.89345805
-0.88529359
-0.87979000
-0.88375333
-0.51100547
-0.86969953
-0.83562462
-0.86499798
-0.80054042
-0.74068769
-0.70274072
-0.65190078
-0.54046074
-0.46378218
-0.55345898
-0.59210089
-0.60300035
-0.64339316
-0.55616592
-0.62494137
-0.60135559
-0.58825596
-0.59641402
-0.54849644
-0.56887499
-0.55381922
-0.46158031
-0.28469681
0.15923958
0.27809918
0.32392586
0.23473947
0.12302959
0.05461797
0.00294257
0.03646574
0.14716000
0.20173240
0.08259404
-0.09629630
-0.28881678
-0.31512042
-0.33805666
-0.23937064
-0.15248370
0.02346094
0.14788215
0.17169325
0.22334995
0.24857088
0.28573272
0.41060579
0.49407243
0.48627131
0.49801089
0.42737650
0.52914912
0.53920092
0.55936914
0.64020121
0.66809893
0.69840037
0.66832202
0.72773960
0.68034092
0.70718295
0.71184435
0.70390866
0.67784651
0.62448875
0.48426462
0.50345589
0.48248572
0.48709438
0.49611678
0.59500597
0.60027470
0.61890207
0.56500884
0.60466063
0.58779457
0.59100663
0.50576696
0.43403011
0.50342202
0.54062121
0.43581766
0.44977704
0.51104323
0.59142005
0.62574433
0.56573604
0.59113690
0.58089431
0.58110378
0.57999106
0.60200835
0.60858863
0.62064336
0.63065200
0.61707919
0.53496449
0.57513896
0.62589476
0.67099140
0.73604551
0.72509198
0.72251032
0.76088785
0.74992410
0.71459185
0.74422399
0.79165869
0.72752945
0.81468668
0.81128278
0.75934033
0.74302033
0.76151442
0.73165099
0.77156389
0.80718588
0.77796723
0.77951464
0.78626085
0.77304592
0.71242166
0.71930142
0.72299103
0.70280536
0.68233576
0.64803771
0.62253911
0.58993329
0.60447529
0.54819407
0.56232164
0.55601056
0.63214491
0.58397372
0.58627981
0.55652276
0.50191972
0.53128189
0.50023640
0.44896833
0.45203235
0.42580878
0.41232380
0.42272441
0.49166207
0.54237470
0.39822307
0.35035231
0.20597114
0.08954931
0.03762710
0.09433214
0.11109278
0.10660004
0.07791388
0.11487678
0.15183466
0.20193111
0.16960878
0.03665094
-0.29603723
-0.30034574
-0.38303308
-0.38543871
-0.41422393
-0.40356042
-0.46568526
-0.44287388
-0.45224415
-0.43743995
-0.44266571
-0.47791638
-0.41616010
-0.47431556
-0.42470593
-0.44673567
-0.45260013
-0.37950281
-0.39250982
-0.39825788
-0.41139702
-0.35031287
-0.30502353
-0.15109032
-0.07772809
-0.11804051
-0.23867252
-0.27584601
-0.38092122
-0.42761702
-0.45375241
-0.56029230
-0.70167538
-0.73080735
-0.89381199
-0.92883764
-0.94394414
-0.94433818
-0.93200466
-0.96457197
-0.97278110
-0.96610012
-0.96250462
-0.94702760
-0.92523717
-0.92095902
-0.96715515
-0.95725285
-0.93620324
-0.97468849
-0.96412034
-0.94182778
-0.94052119
-0.94835687
-0.94622009
-0.95947238
-0.97234985
-0.94829648
-0.95678256
-0.94206927
-0.98682830
-0.94903385
-0.99047898
-0.97336592
-0.95752575
-0.97891852
-0.98728313
-0.96700402
-0.98669350
-1.00000000
-0.94955238
-0.91712223
-0.85196922
-0.80129837
-0.63121366
-0.59172300
-0.52173818
-0.47907952
-0.47895512
-0.44469176
-0.42776207
-0.18957342
0.16846934
0.17920405
0.15244859
0.23867256
0.13827255
0.18512590
0.19803353
0.26004194
0.24764015
0.25618776
0.46351863
0.49497419
0.51776522
0.54816988
0.53351675
0.53476629
0.49203324
0.51447344
0.50211577
0.57180186
0.59858745
0.64655039
0.64828986
0.66486425
0.69364442
0.70717650
0.70685034
0.69598305
0.67469832
0.65312117
0.69706624
0.69886971
0.68893849
0.66269633
0.66717481
0.69482261
0.69201098
0.78893152
0.84366849
0.86284959
0.86166661
0.86095312
0.83829731
0.87191285
0.82367863
0.78231327
0.80421042
0.82995460
0.80942277
0.83700159
0.81122670
0.83561187
0.81242598
0.84533305
0.80845217
0.81190795
0.82149463
0.80600403
0.80362976
0.79988089
0.77794580
0.77244188
0.75608880
0.78891385
0.75354922
0.79615236
0.81026060
0.78057996
0.82719482
0.83059422
0.86925338
0.81576297
0.74763241
0.80036700
0.81298052
0.84207183
0.82293760
0.80361870
0.85379407
0.85054125
0.83526142
0.89257131
0.80894534
0.80906701
0.84762397
0.80619040
0.76037656
0.75274970
0.75606982
0.78233847
0.75325711
0.75912106
0.74044118
0.74643923
0.76234036
0.72166018
0.73496478
0.74313729
0.74971296
0.73801387
0.79235704
0.69107351
0.65472358
0.62385036
0.61095383
0.65212227
0.58358265
0.54772440
0.61978283
0.49173596
0.53307534
0.53023620
0.47333466
0.49922380
0.49193688
0.51915550
0.50122636
0.56360953
0.51463996
0.53166441
0.47987120
0.46706129
0.58848939
0.62620527
0.67112531
0.62209814
0.66072918
0.59398413
0.51788586
0.40891556
0.43691133
0.44876331
0.43818106
0.49354618
0.49417406
0.45771955
0.49568504
0.53963282
0.52139772
0.54667355
0.52695583
0.60890248
0.62592415
0.62438010
0.56446973
0.59240211
0.63073036
0.70710294
0.77034717
0.78300975
0.83908819
0.86079539
0.85182585
0.80978380
0.79414957
0.79864970
0.75852864
0.80516326
0.80341597
0.72555319
0.74284415
0.66482271
0.77979210
0.77549651
0.87534374
0.83888796
0.81519710
0.82233675
0.81495365
0.77572558
0.76606368
0.74313135
0.72748384
0.80246347
0.75314796
0.80095050
0.77311669
0.79167669
0.83189815
0.83430232
0.76578758
0.81721408
0.79968574
0.77741563
0.82661190
0.86964375
0.81463842
0.84605340
0.86407468
0.82481646
0.88120925
0.80188096
0.87024675
0.82139369
0.80038492
0.81953771
0.82180719
0.85708586
0.84844128
0.88303450
0.87417890
0.81827343
0.88535266
0.84629002
0.88138685
0.83659555
0.83977808
0.83415554
0.88201936
0.82974235
0.78207383
0.83141974
0.81021049
0.82312741
0.84707331
0.85070567
0.85497521
0.85529867
0.86484294
0.86256480
0.86125415
0.80721397
0.78232835
0.74845230
0.76437641
0.65650160
0.70482485
0.65765047
0.66919393
0.54995719
0.62391120
0.66332639
0.68422465
0.60575239
0.56764140
0.67525763
0.73314666
0.70527350
0.62418944
0.50367437
0.51737220
0.52542491
0.41923649
0.33806767
0.25159878
0.20196823
0.18764997
0.20744290
0.24916227
0.35618288
0.38099563
0.24599878
0.13934838
0.19337499
0.25521655
0.28611410
0.30271739
0.27847089
0.40324477
0.49523875
0.44042122
0.43397814
0.44896521
0.50862749
0.41959568
0.24006199
0.27706238
0.19390624
0.09770059
-0.01377930
-0.17755445
-0.30623481
-0.27189729
-0.29814128
-0.36992659
-0.43604157
-0.46033679
-0.47236061
-0.51535365
-0.60435763
-0.54243575
-0.54852740
-0.57067860
-0.65092572
-0.74288806
-0.83369754
-0.86185476
-0.96791683
-0.96598642
-0.95620026
-0.98218030
-0.97025100
-0.95770335
-0.94607546
-0.93710407
-0.96201317
-0.97034448
-0.96366846
-0.90046596
-0.93116284
-0.95607749
-0.95307072
-0.95838875
-0.91567566
-0.89155625
-0.91820155
-0.89476496
-0.93585739
-0.93797001
-0.93892497
-0.94021629
-0.92047242
-0.92245988
-0.92330549
-0.93194070
-0.89267421
-0.92932881
-0.91879843
-0.91719745
-0.94741444
-0.93132457
-0.95643852
-0.90286597
-0.94392534
-0.94347461
-0.94712844
-0.93311954
-0.94562257
-0.96821616
-0.91498089
-0.95179484
-0.92407545
-0.93918720
-0.95471116
-0.94283677
-0.93330367
-0.93741390
-0.92828087
-0.90155822
-0.73960872
-0.71628214
-0.61406205
-0.45907146
-0.35951638
-0.30725599
-0.22176386
-0.06327980
0.09681217
0.07282610
0.12612771
0.18076247
0.16523995
0.16359544
0.15870705
0.13988693
0.19131484
0.15086241
0.17227001
0.18954050
0.17008395
0.29079573
0.26705354
0.27595494
0.28484489
0.28621984
0.20052764
0.25586174
0.19641716
0.10302719
0.13705560
0.09115715
0.13103827
0.02314946
0.05546172
0.06038554
0.08813470
0.10169362
0.08890881
0.13614152
0.16452960
0.09427056
0.14812329
0.07996933
0.06372722
0.12919034
0.07831655
0.08551845
0.15104420
0.10696245
0.12084782
0.11337323
0.12380966
0.12979720
0.17824824
0.18577586
0.11169956
0.22998818
0.30282006
0.20442260
0.17438443
0.05545105
0.04709632
0.03782203
0.00470862
0.09641523
0.10775498
0.09671256
0.10826589
0.10899225
0.28275418
0.22046199
0.10941977
0.09418114
0.06192955
0.05751349
0.06587501
0.04642563
0.00961033
0.02511480
0.07956213
0.07494012
0.15209604
0.15331018
0.16623782
0.09824546
-0.00087608
0.03364308
0.09728955
0.07268940
-0.00197531
-0.01097252
-0.02945231
0.00107140
-0.09862442
-0.00810802
-0.05174470
-0.03500129
-0.00829638
0.08889148
0.09040420
0.17041321
0.19722039
0.20261362
0.25196211
0.16546292
0.11134097
0.13173487
0.18457855
0.14976752
0.13063072
0.17757763
0.21352019
0.09260149
0.11650433
0.16695722
0.16633160
0.18544020
0.17521798
0.27419494
0.23097481
0.19133961
0.19437412
0.25882336
0.35645931
0.36998724
0.33539889
0.34886860
0.26139956
0.31536995
0.38820615
0.36816898
0.37289884
0.38021197
0.41652408
0.45999620
0.52869700
0.62943380
0.71796591
0.72349577
0.70840865
0.74699125
0.73136298
0.80051144
0.76732247
0.80075726
0.76389415
0.78338373
0.82541257
0.77505301
0.81442304
0.78639778
0.69647422
0.72751349
0.74512697
0.72510590
0.67228783
0.67297176
0.66251674
0.65943756
0.63155719
0.66446995
0.67592270
0.67245817
0.72292238
0.70671063
0.77890863
0.79171130
0.72024297
0.77962176
0.78877371
0.76733703
0.77980200
0.81447210
0.75308742
0.80585511
0.81938194
0.76691556
0.73555474
0.71619352
0.77127818
0.75464642
0.71425083
0.77151850
0.73321368
0.79325422
0.79490072
0.75417617
0.80710582
0.77816287
0.81312244
0.77864961
0.78906495
0.84196153
0.82183337
0.83234797
0.83256027
0.80249761
0.78947102
0.73894372
0.72200177
0.67685592
0.71581225
0.73846675
0.70725138
0.70017493
0.77046444
0.77554054
0.72983320
0.73024127
0.70601022
0.70108026
0.66567735
0.58601574
0.50911195
0.37944389
0.19229744
0.23467349
0.14119976
0.08831023
0.13415080
0.08653551
0.14393102
0.11378141
0.12692040
0.22507675
0.13753335
0.15130569
0.06193969
-0.04205275
0.02547744
0.07019580
0.02727377
-0.03851429
-0.00274736
-0.15892578
-0.14792853
-0.12768052
-0.20876333
-0.19643612
-0.17114691
-0.15589003
-0.17513429
-0.25421775
-0.21960249
-0.17571473
-0.28830737
-0.28811124
-0.14032533
-0.13041172
-0.20337642
-0.28850985
-0.27297719
-0.27172165
-0.25093320
-0.22137046
-0.10626835
-0.12704163
-0.22591833
-0.19041724
-0.28163416
-0.24487401
-0.13983138
-0.22574053
-0.27242833
-0.22009053
-0.21837538
-0.20694512
-0.17803959
-0.17825122
-0.10360932
-0.14095946
-0.13858103
-0.08639346
-0.06719854
-0.13475557
-0.15706144
-0.18916883
-0.14620142
-0.10599548
0.12391644
0.20086040
0.17625609
0.14021051
0.16207728
0.15350432
0.11551453
0.05290620
0.00474625
-0.08581745
-0.12602725
-0.22600939
-0.19073338
-0.25714436
-0.20245763
-0.16438896
-0.22562570
-0.18319969
-0.23905297
-0.17108645
-0.15153683
-0.09543409
0.00233378
0.05790677
0.02310111
0.08615441
0.26507662
0.29955663
0.58688344
0.58604721
0.50759628
0.59859713
0.50558724
0.54902569
0.43889237
0.56638039
0.43406372
0.30954503
0.17145090
0.13839008
0.06780033
0.04790897
0.01723298
0.06523088
0.09963468
0.01349175
-0.01440037
-0.06677792
-0.05735429
-0.02454283
-0.07106473
0.03143637
0.07897757
0.08379007
-0.13521738
-0.17597519
-0.24382280
-0.42789395
-0.42555604
-0.52408086
-0.60495569
-0.59230794
-0.61509700
-0.60982297
-0.70578149
-0.77114143
-0.69240191
-0.78955447
-0.85397283
-0.89313012
-0.89850846
-0.89741192
-0.90161033
-0.92248332
-0.89437911
-0.90525054
-0.91555906
-0.89709606
-0.93893780
-0.93064379
-0.89502098
-0.87938011
-0.90395679
-0.91871855
-0.94407875
-0.87600752
-0.93651536
-0.87893201
-0.88287620
-0.85778773
-0.87154843
-0.88990068
-0.88999935
-0.89470193
-0.86611938
-0.89297858
-0.90317750
-0.89192138
-0.88492156
-0.87662345
-0.86282194
-0.86323572
-0.91767267
-0.87696719
-0.87660457
-0.82354982
-0.83239227
-0.81675872
-0.79912533
-0.68515872
-0.63869739
-0.63255435
-0.62095872
-0.55321478
-0.45321557
-0.38872419
-0.33302837
-0.22647851
-0.11496074
-0.13034583
-0.14983421
-0.13649629
