-0.22515315
-0.21319497
-0.23804817
-0.27157994
-0.18199767
-0.27114122
-0.19607334
-0.18439346
-0.19966132
-0.15957970
-0.13311352
-0.19767353
-0.16760526
-0.15521263
-0.15885139
-0.15222606
-0.18247590
-0.12074499
-0.11173027
-0.18466712
-0.16739678
-0.17771803
-0.13754179
-0.08348457
-0.07245177
-0.04228671
-0.09823941
-0.14670029
-0.17461319
-0.12392617
-0.11950849
-0.11404290
-0.08511171
-0.14868737
-0.15692751
-0.14383991
-0.16838728
-0.13654512
-0.13007474
-0.09371640
-0.08624593
0.02061299
0.05339252
0.21658590
0.29018332
0.33277641
0.45475969
0.52993400
0.59519467
0.54544947
0.55651782
0.48087503
0.57738092
0.44029315
0.52478243
0.65965360
0.56953472
0.55069610
0.60230320
0.54369440
0.53795248
0.64165216
0.58902651
0.55311724
0.54669785
0.45937561
0.61278846
0.57601945
0.59902564
0.56648159
0.59267762
0.51195486
0.49578543
0.45926946
0.48550150
0.48527695
0.38503156
0.50627067
0.42983910
0.45143770
0.41884016
0.43881378
0.44820060
0.40682519
0.37932223
0.38992183
0.25401781
0.29085544
0.21125929
0.16752346
0.22207312
0.21400423
0.10104528
0.09354444
-0.02508490
-0.00314851
-0.02147874
-0.03523411
-0.10385126
-0.04371401
-0.00686683
-0.09060316
-0.10779397
-0.12066201
-0.20505465
-0.10711642
-0.04698691
-0.02230665
-0.06253671
-0.00429531
0.02628067
-0.03294624
-0.10806413
-0.10097771
-0.05213930
-0.04985581
-0.02409151
-0.03629781
-0.10850921
-0.10975582
-0.00042792
-0.02044395
-0.03848593
-0.11851076
-0.12333923
-0.04913434
-0.15536089
-0.10304576
-0.09796109
-0.07027191
-0.06181442
-0.11217617
-0.05780227
-0.11724170
-0.10606746
-0.14377158
-0.16043991
-0.09860974
-0.19120387
-0.19494591
-0.26863430
-0.21182557
-0.23447205
-0.24963871
-0.27495435
-0.25375574
-0.26476063
-0.25360285
-0.31665964
-0.29909213
-0.25381756
-0.23369111
-0.18601884
-0.27816013
-0.23043053
-0.24991773
-0.27375320
-0.28210675
-0.26836574
-0.24281065
-0.10378780
-0.18460968
-0.13956676
-0.08604347
-0.04254397
0.01605961
0.09021010
0.06061374
0.07321632
0.09666190
0.16842412
0.20243758
0.13115906
0.10199602
0.06579106
0.18022684
0.15234687
0.16977371
0.20426844
0.25790506
0.33596721
0.26415456
0.29567929
0.34032650
0.26173264
0.22879821
0.25766265
0.37480864
0.41996819
0.40843679
0.52930195
0.43915049
0.49533715
0.54169965
0.59871913
0.49474303
0.49994063
0.54570423
0.54412566
0.58855169
0.61094134
0.55721926
0.56194611
0.48251561
0.51389620
0.45662571
0.49232788
0.51380892
0.48573612
0.47941459
0.57841013
0.55335478
0.54478567
0.59923328
0.56785085
0.57949943
0.58355873
0.54164558
0.58187332
0.63579985
0.61870026
0.61741817
0.61465417
0.68987778
0.69644238
0.61828282
0.69978040
0.73141566
0.60271651
0.64286210
0.62574849
0.59941812
0.53238104
0.44415451
0.17962822
0.02742409
-0.11907367
-0.14158321
-0.16154996
-0.14752847
-0.19706474
-0.22935298
-0.22293874
-0.23804727
-0.21160609
-0.21358403
-0.23142877
-0.23336324
-0.21691258
-0.19000074
-0.19953846
-0.23884999
-0.29685529
-0.18779008
-0.15724208
-0.19704629
-0.25838430
-0.22277936
-0.26861312
-0.25776590
-0.28766151
-0.25131340
-0.22329098
-0.27566685
-0.26362852
-0.25912631
-0.26451676
-0.19778766
-0.23936743
-0.17532797
-0.16725567
-0.07285414
0.01085340
0.17633515
0.27332225
0.38723659
0.43051113
0.47461637
0.46555524
0.43231456
0.40116880
0.42984459
0.53041007
0.50790529
0.52994527
0.45548183
0.47020323
0.54382364
0.40823677
0.42827295
0.46865305
0.42038369
0.42483187
0.33349417
0.32603424
0.27350519
0.23870896
0.31672578
0.30881909
0.25253015
0.28315670
0.22587566
0.23450711
0.16247870
0.11419586
0.12145846
0.06265548
0.02009095
0.05704853
0.11653311
-0.01497331
0.03007390
0.09019856
0.06076655
0.04305710
0.11132875
0.06149136
0.03755740
-0.06598244
-0.03225200
-0.15238675
-0.19546519
-0.32970847
-0.32782035
-0.32803741
-0.26323772
-0.34652956
-0.38527377
-0.35406165
-0.35232514
-0.27273014
-0.27794488
-0.25698076
-0.25989418
-0.24865108
-0.30188730
-0.26912488
-0.25931059
-0.23134623
-0.20848258
-0.25576023
-0.10500617
-0.11973007
-0.08156529
-0.05649112
-0.13093510
-0.17101620
-0.14802897
-0.23887009
-0.26336939
-0.25361080
-0.27077965
-0.24582106
-0.29225606
-0.22547003
-0.13736743
-0.25309802
-0.14948108
-0.15991633
-0.18605759
-0.21138607
-0.25216041
-0.27956628
-0.33735163
-0.27223766
-0.24044458
-0.18621410
-0.21379941
-0.23614501
-0.26043893
-0.35166696
-0.25881889
-0.23694366
-0.16311233
-0.13799097
-0.20286982
-0.17217450
-0.15203498
-0.16938524
-0.15273124
-0.09431077
-0.14830057
-0.17535289
0.00061459
-0.03037199
-0.03343349
-0.01754242
0.08172114
0.04607207
0.09694775
0.12553589
0.15098515
0.21417627
0.24621087
0.16791908
0.26907244
0.24492700
0.20613071
0.22082736
0.17513780
0.17515965
0.07156401
0.09622034
0.19457689
0.06260848
0.00744842
-0.09505901
-0.14222194
-0.11556450
-0.02669172
0.03429521
0.03997850
0.09036331
0.10203271
0.15618227
0.13126085
0.09359274
0.15202491
0.10707722
0.03679436
0.14296365
0.08689686
0.14287095
0.11834038
0.11450081
0.10571565
0.09657140
-0.02638263
-0.05250735
-0.12300789
-0.05669062
-0.04037653
-0.20974757
-0.14711500
-0.18921380
-0.09652743
0.01415658
-0.06257427
0.03873125
0.01316105
0.02079220
0.06003915
0.02486363
0.02411800
0.06740891
-0.03872396
-0.13526414
-0.10623082
-0.18643262
-0.17992750
-0.18150627
-0.18067691
-0.09031054
-0.13220015
0.00025417
-0.10120704
-0.09534421
-0.17859268
-0.13425132
-0.15649133
-0.23373222
-0.19596304
-0.20376734
-0.19479186
-0.21565774
-0.20262254
-0.22854476
-0.31943296
-0.22822705
-0.23761711
-0.21714387
-0.21537881
-0.18535209
-0.25248536
-0.28855054
-0.31396774
-0.24363128
-0.15392285
-0.14186988
-0.25006026
-0.28507650
-0.22059725
-0.21819606
-0.31583461
-0.32789829
-0.30928271
-0.25182283
-0.15430494
-0.16779649
-0.12416796
-0.13823865
-0.03589852
-0.14874145
-0.13465743
-0.13109308
-0.14328820
-0.16682748
-0.23639504
-0.22487797
-0.16283776
-0.22227391
-0.32140827
-0.21872073
-0.08537207
-0.10073643
0.00522392
0.12037192
0.17826050
0.13682607
0.12472177
0.19494939
0.10361211
0.14279539
0.09420460
0.15863020
0.17571168
0.17708658
0.17251788
0.20222150
0.13666976
0.16574596
0.40193806
0.54430134
0.56124638
0.52689061
0.49453675
0.62453480
0.61171357
0.65255542
0.64198567
0.60746917
0.60798966
0.60025133
0.66464725
0.64557894
0.60985062
0.63874305
0.65601628
0.62818937
0.60866063
0.63257796
0.49003432
0.50161055
0.52447177
0.53049125
0.55078783
0.52976462
0.66582463
0.73276113
0.84867511
0.77600745
0.80699943
0.89437545
0.85590018
0.78623291
0.85975133
0.87487950
0.85491181
0.75128183
0.76210684
0.71893951
0.75472173
0.67128124
0.69095543
0.70680395
0.59182386
0.47430598
0.31865753
0.19329406
0.11653661
-0.04356899
-0.16817542
-0.18955211
-0.22177838
-0.25014047
-0.21476881
-0.26636345
-0.24691994
-0.20443631
-0.17327526
-0.23364395
-0.20574243
-0.24587529
-0.24019690
-0.25506125
-0.22997859
-0.24931597
-0.20321652
-0.22900830
-0.27935796
-0.33493121
-0.26257723
-0.33025449
-0.27388185
-0.23429322
-0.26358086
-0.27212431
-0.27664417
-0.26701963
-0.26994196
-0.28091004
-0.23394510
-0.31159380
-0.31044300
-0.30117334
-0.25192229
-0.34317145
-0.30718604
-0.26856784
-0.32437263
-0.28192640
-0.34150181
-0.27009634
-0.25561619
-0.29195305
-0.27689209
-0.30569165
-0.24576173
-0.22187908
-0.24257509
-0.11342213
0.03475467
0.22250243
0.32734045
0.49623294
0.49883996
0.67485182
0.75420320
0.80211896
0.95567838
1.00000000
0.97456922
0.98950128
0.90502758
0.92568320
0.90056419
0.87598840
0.97605230
0.89284230
0.90144160
0.87867448
0.92626104
0.84922708
0.90330859
0.73577437
0.82135079
0.80400991
0.77451262
0.74289379
0.75825696
0.79860662
0.82195871
0.86699469
0.87279176
0.80620241
0.83640219
0.83797610
0.79358390
0.80409805
0.84763771
0.87870620
0.84453722
0.90129988
0.89828240
0.88578514
0.79179401
0.85431184
0.78776550
0.82504340
0.78211953
0.81686900
0.82643964
0.84212038
0.86615952
0.85481650
0.80296178
0.78861267
0.83929393
0.75792311
0.79551058
0.67257759
0.75927750
0.77879163
0.68112439
0.64304516
0.72172545
0.74285150
0.68633945
0.73139916
0.84003184
0.73721965
0.65781421
0.67619606
0.74122372
0.73732214
0.80015322
0.82785625
0.79937074
0.80605826
0.72582710
0.86717035
0.81555977
0.84591576
0.86371959
0.87269434
0.84407893
0.84126805
0.84757654
0.79986441
0.85254565
0.68919849
0.75955529
0.90799106
0.85257041
0.81371948
0.87599107
0.86929404
0.85115646
0.90105347
0.84043707
0.93187592
0.80220293
0.85968179
0.83793187
0.80781896
0.74850057
0.71722870
0.82980525
0.85940248
0.87310617
0.80902413
0.81631627
0.87256271
0.85574306
0.73756358
0.81605956
0.83701607
0.83235824
0.81196502
0.78732000
0.78732043
0.74527114
0.69885517
0.73721067
0.64988163
0.66997356
0.67478361
0.71145844
0.64802086
0.65312009
0.69364821
0.63355259
0.59779113
0.64178303
0.61505759
0.62196023
0.61418763
0.62740989
0.53664561
0.41575520
0.24869296
0.17493029
0.22719617
0.05399032
-0.01484319
-0.10773871
-0.11888565
-0.15942497
-0.17943317
-0.17004089
-0.10536724
-0.09230204
-0.14145594
-0.11562017
-0.08932000
-0.11822917
-0.04632133
-0.04878475
-0.06407724
0.02662503
-0.01648240
-0.08381581
-0.12105445
-0.01272656
-0.07306321
-0.10104185
-0.10286653
-0.06156018
-0.09810442
-0.14199343
-0.11769296
-0.10620783
-0.01371307
-0.08425156
-0.03375752
-0.06707002
-0.05288491
-0.02132856
-0.08839453
-0.05815908
-0.03810275
0.01050490
-0.08774400
-0.02492074
-0.04510671
-0.10565346
-0.09559127
-0.12939384
-0.12588280
-0.18072216
-0.21606601
-0.14422507
-0.23428767
-0.09734544
-0.15565204
-0.20307965
-0.15888335
-0.11970925
-0.19087971
-0.15797088
-0.08772449
-0.01767132
0.05788790
-0.06076656
-0.01646526
-0.03725880
-0.00145108
-0.01499660
0.06264340
-0.06546564
-0.01689351
-0.01128889
0.04136237
0.06335852
0.16927542
0.24121341
0.33899610
0.45561079
0.59330164
0.49880011
0.54043774
0.46618785
0.54580386
0.61188530
0.58287659
0.53769755
0.56225894
0.50167168
0.60449123
0.52087769
0.59377213
0.63535673
0.53002285
0.54528659
0.61279931
0.65316665
0.51779457
0.58267949
0.63299295
0.67312655
0.57091651
0.60742670
0.56111363
0.60907655
0.54570757
0.57313022
0.64024046
0.53381027
0.61581812
0.53378523
0.59119838
0.59047842
0.53086578
0.52495004
0.57356182
0.56423815
0.52871052
0.47607205
0.55737886
0.53741767
0.46711278
0.53455476
0.46303510
0.57794154
0.56292827
0.54488388
0.52987884
0.51180959
0.51264158
0.41032245
0.47029734
0.53447942
0.51760735
0.44200958
0.58009563
0.50441996
0.47487120
0.45306042
0.47137449
0.41597623
0.43026682
0.52967218
0.52026932
0.50150461
0.43364268
0.50210883
0.45553668
0.45155917
0.50205192
0.45291973
0.58365906
0.58053407
0.58016834
0.57242161
0.57033688
0.55439783
0.43330446
0.49633465
0.44606961
0.41064268
0.40460980
0.44939377
0.38621139
0.43029032
0.43377646
0.36208060
0.42560405
0.38516199
0.33528844
0.23299476
0.25985106
0.22869750
0.15857565
0.14240841
0.22548796
0.23996423
0.19103450
0.27849328
0.37476345
0.33678719
0.47934951
0.54804280
0.50699043
0.59431806
0.59202713
0.64766199
0.59563606
0.52529975
0.60924957
0.61463911
0.53935781
0.47216353
0.56720191
0.64702053
0.64249060
0.61848925
0.66181134
0.60174086
0.64601308
0.63848702
0.56940379
0.50274212
0.45844223
0.45491682
0.40931373
0.44654340
0.42475863
0.35038481
0.23887243
0.22369391
0.07494834
0.00701092
-0.06079518
-0.16553936
-0.15015346
-0.11352892
-0.09220748
-0.09242871
-0.21413110
-0.13980018
-0.20373151
-0.12808439
-0.10790598
-0.17137710
-0.11303477
-0.10368355
-0.09110499
-0.11659658
-0.16023080
-0.07629811
-0.09656620
-0.11940557
-0.13968866
-0.15875997
-0.10290208
-0.09000045
-0.13062876
-0.09539257
-0.15879560
-0.10947218
-0.07088435
-0.06774411
-0.10785883
-0.08357378
-0.07182888
-0.01502242
-0.07238120
-0.01728056
0.07466466
0.06487360
0.15089750
0.25640792
0.25308557
0.24896014
0.31656533
0.43824185
0.48562925
0.46364699
0.53720049
0.71982544
0.59552560
0.63868877
0.60043170
0.55864107
