0.85550369
0.78121866
0.57143407
0.22619350
-0.16208221
-0.66473460
-0.96548871
-0.99882750
-0.99990920
-0.99990920
-0.99990920
-0.99990920
-0.99984368
-0.99979006
-0.99990920
-0.99990920
-0.99990920
-0.99990920
-0.99990920
-0.99953701
-0.72451257
0.96602708
0.99908892
0.99964761
0.99844780
0.95123011
-0.42476090
-0.98771818
-0.99852956
-0.99740876
-0.97159848
-0.71368819
-0.41759900
-0.78484252
-0.98607841
-0.99941501
-0.99988853
-0.99925796
-0.55078972
0.99983364
1.00000000
1.00000000
1.00000000
1.00000000
1.00000000
1.00000000
1.00000000
1.00000000
1.00000000
1.00000000
1.00000000
1.00000000
1.00000000
1.00000000
1.00000000
1.00000000
1.00000000
1.00000000
1.00000000
1.00000000
1.00000000
1.00000000
1.00000000
1.00000000
1.00000000
0.99999995
0.99999643
0.99994722
0.99945399
0.97288543
-0.74415209
-0.99975398
-0.99990920
-0.99990920
-0.99990920
-0.99990920
-0.99990920
-0.99990920
-0.99990920
-0.99990920
-0.99990920
-0.99899784
-0.90621931
0.48876002
0.95569242
0.98823329
0.98897228
0.96295684
0.76481406
0.23137279
-0.07174451
-0.28926567
-0.75344984
-0.97422203
-0.99767926
-0.99936058
-0.99896590
-0.99048922
-0.73211973
0.79061419
0.99517058
0.99982596
0.99998419
0.99999300
0.99997413
0.99949985
0.99008740
0.96718802
0.98924753
0.99840028
0.99841745
0.96121718
-0.47893680
-0.98365579
-0.99285220
-0.97352194
-0.89264293
-0.87863092
-0.97063260
-0.99806416
-0.99990920
-0.99990920
-0.99990920
-0.99990920
-0.99990920
-0.99990920
-0.99990920
-0.99990920
-0.99986533
-0.98211015
-0.01962136
0.98090410
0.99988852
0.99999960
1.00000000
1.00000000
1.00000000
1.00000000
1.00000000
1.00000000
1.00000000
1.00000000
1.00000000
1.00000000
1.00000000
1.00000000
1.00000000
1.00000000
1.00000000
1.00000000
0.99999930
0.53987963
-0.99990920
-0.99990920
-0.99990920
-0.99990920
-0.99990920
-0.99990920
-0.99990920
-0.99990920
-0.99990920
-0.99990920
-0.99990920
-0.99990920
-0.99990920
-0.99990920
-0.99990920
-0.99990920
-0.99990920
-0.99990920
-0.99990920
-0.99990920
-0.99990920
-0.99990920
-0.99990920
-0.99990920
-0.99990920
-0.99990920
-0.99990920
-0.99990920
-0.99990920
-0.99990920
-0.99990920
-0.99990920
-0.99990920
-0.99990920
-0.99990920
-0.99990920
-0.99990920
-0.99990920
-0.99990920
-0.99990920
-0.99990920
-0.99990920
-0.99990920
-0.99990920
-0.99990920
-0.99990920
-0.99990920
-0.99990920
-0.99990920
-0.99990920
-0.99985652
-0.99811150
-0.97393181
-0.47818639
0.82017236
0.95824449
0.75828180
-0.89956749
-0.99971744
-0.99990920
-0.99990920
-0.99990920
-0.99697414
0.80211099
0.99998986
1.00000000
1.00000000
1.00000000
1.00000000
1.00000000
1.00000000
1.00000000
1.00000000
1.00000000
1.00000000
1.00000000
1.00000000
1.00000000
0.99999255
0.80648801
-0.99758914
-0.99990920
-0.99990920
-0.99990920
-0.99990920
-0.99990920
-0.99987157
-0.99835204
-0.99725828
-0.99934926
-0.99990920
-0.99990920
-0.99990920
-0.99990920
-0.99990920
-0.99988951
-0.99983045
-0.99989137
-0.99990256
-0.99975792
-0.99894225
-0.99716451
-0.99829325
-0.99986027
-0.99990920
-0.99990920
-0.99990920
-0.99990920
-0.99990920
-0.99990920
-0.99894908
-0.98707963
-0.98203642
-0.98605485
-0.94742392
-0.19421082
0.84322434
0.83217150
-0.51587112
-0.99691734
-0.99990920
-0.99990920
-0.99990920
-0.99990920
-0.99990920
-0.99990920
-0.99698960
-0.80888304
0.66670948
0.99101179
0.99972813
0.99996781
0.99995371
0.99908718
0.92556374
-0.37104935
-0.87536571
-0.71236947
0.56236378
0.97072428
0.97431417
0.24631118
-0.99436124
-0.99990920
-0.99990920
-0.99990920
-0.99990920
-0.99990920
-0.99990920
-0.99990920
-0.99990920
-0.99990920
-0.99990920
-0.99990920
-0.99990920
-0.99990920
-0.99990920
-0.99990920
-0.99990920
-0.99990920
-0.99990920
-0.99990920
-0.99990920
-0.99990920
-0.99990920
-0.99989189
-0.99982804
-0.99990920
-0.99990920
-0.99990920
-0.99990920
-0.99990920
-0.99990920
-0.99990920
-0.99990920
-0.99990920
-0.99990920
-0.99990920
-0.99990920
-0.99990920
-0.99990920
-0.99990920
-0.99990920
-0.99990920
-0.99990920
-0.99990920
-0.99905617
-0.96191653
0.25406137
0.99240794
0.99994405
0.99999898
0.99999994
0.99999999
1.00000000
1.00000000
1.00000000
1.00000000
1.00000000
1.00000000
1.00000000
1.00000000
1.00000000
1.00000000
1.00000000
1.00000000
0.99999999
0.99995361
0.21339808
-0.99972608
-0.99990920
-0.99990920
-0.99990920
-0.99990920
-0.99990920
-0.99860021
-0.99629319
-0.99972201
-0.99990920
-0.99990920
-0.99990920
-0.99990920
-0.99990920
-0.99990920
-0.99990920
-0.99987772
-0.99940524
-0.99860794
-0.99908724
-0.99974973
-0.99989060
-0.99973678
-0.99613717
-0.90421444
-0.47257759
-0.66348438
-0.97921550
-0.99970563
-0.99990920
-0.99990920
-0.99990920
-0.99990920
-0.99990920
-0.99990920
-0.99990920
-0.99967457
-0.99937869
-0.99947802
-0.99964519
-0.99980862
-0.99990920
-0.99990920
-0.99990920
-0.99990920
-0.99990920
-0.99990920
-0.99990920
-0.99968152
-0.96333087
0.22963643
0.95083388
0.99001491
0.99143830
0.97981440
0.91266397
0.43919281
-0.78418550
-0.99539918
-0.99990920
-0.99990920
-0.99990920
-0.99990920
-0.99990920
-0.99990920
-0.99986405
-0.99928734
-0.98654786
0.02703894
0.99489121
0.99988889
0.99974200
0.93384504
-0.97185733
-0.99990920
-0.99990920
-0.99990920
-0.99990920
-0.99990920
-0.99990920
-0.99990920
-0.99990920
-0.99990920
-0.99990920
-0.99990920
-0.99979763
-0.99870867
-0.99749366
-0.99706352
-0.99537984
-0.98772201
-0.97008667
-0.97422968
-0.99487641
-0.99945182
-0.99973615
-0.99534209
0.28428682
0.99954405
0.99999703
0.99999697
0.99983768
0.98150302
0.70458987
0.57958983
0.88093899
0.98894704
0.99932281
0.99994766
0.99998459
0.99992037
0.98538882
-0.84287194
-0.99971556
-0.99990920
-0.99990920
-0.99959849
-0.99844955
-0.99905974
-0.99978568
-0.99989766
-0.99950993
-0.96258959
0.71234146
0.99461564
0.99374672
0.50701951
-0.99348549
-0.99990920
-0.99990920
-0.99990920
-0.99551048
0.77470232
0.99988210
0.99999962
0.99999999
1.00000000
1.00000000
1.00000000
1.00000000
1.00000000
1.00000000
1.00000000
0.99999999
0.99971267
-0.88859927
-0.99990920
-0.99990920
-0.99990920
-0.99990920
-0.99990920
-0.99990920
-0.99990920
-0.99990920
-0.99990920
-0.99990920
-0.99950907
-0.99633385
-0.98546562
-0.97617328
-0.98095071
-0.98879149
-0.99287533
-0.99462130
-0.99617017
-0.99784080
-0.99864643
-0.99813022
-0.99313213
-0.97188951
-0.96701552
-0.99347888
-0.99935200
-0.99976335
-0.99912590
-0.98656808
-0.86730160
-0.71114650
-0.76615284
-0.77175004
-0.46101916
0.24670199
0.46053237
-0.09952615
-0.86221809
-0.99089277
-0.99902145
-0.99943560
-0.99734117
-0.97284979
-0.92931234
-0.97893364
-0.99793797
-0.99964659
-0.99982872
-0.99990920
-0.99990920
-0.99990920
-0.99990920
-0.99990920
-0.99990920
-0.99990920
-0.99990920
-0.99990920
-0.99990920
-0.99990920
-0.99990920
-0.99990920
-0.99966793
-0.99493146
-0.98813564
-0.99423759
-0.99869803
-0.99971505
-0.99990920
-0.99990920
-0.99990920
-0.99990751
-0.99882399
-0.94128660
0.29611297
0.88394230
0.62422244
-0.90804591
-0.99971171
-0.99990920
-0.99990920
-0.99990920
-0.99990920
-0.99990920
-0.99990920
-0.99990920
-0.99936917
-0.83757967
0.92016290
0.99924010
0.99996445
0.99998885
0.99997847
0.99978764
0.99170311
0.40647845
-0.96978550
-0.99979788
-0.99990920
-0.99990920
-0.99990920
-0.99990920
-0.99990920
-0.99990920
-0.99990920
-0.99990920
-0.99990920
-0.99990920
-0.99990920
-0.99980575
-0.99489210
-0.76260176
0.57854695
0.91082135
0.94310609
0.94704487
0.94007250
0.87440640
0.51976558
-0.38679246
-0.89393824
-0.98627185
-0.99827682
-0.99973728
-0.99990920
-0.99990920
-0.99990920
-0.99970999
-0.99867519
-0.99245750
-0.95229828
-0.83106440
-0.86950400
-0.98889272
-0.99984614
-0.99990920
-0.99990920
-0.99990920
-0.99990920
-0.99990920
-0.99990920
-0.99978418
-0.32606094
0.99951750
0.99999698
0.99997345
0.87682147
-0.99862240
-0.99990920
-0.99990920
-0.99988483
-0.98837641
-0.93792284
-0.99250943
-0.99989575
-0.99990920
-0.99990920
-0.99990920
-0.99990920
-0.99970377
-0.92737453
0.90643280
0.99974575
0.99999639
0.99999929
0.99999797
0.99995210
0.99551876
0.47048548
-0.95107801
-0.99862034
-0.99980951
-0.99984611
-0.99957919
-0.99895881
-0.99936279
-0.99990920
-0.99990920
-0.99990920
-0.99990920
-0.99990920
-0.99990920
-0.99990920
-0.99990920
-0.99990920
-0.99990920
-0.99990920
-0.99990920
-0.99990920
-0.99990920
-0.99990920
-0.99990920
-0.99990920
-0.99990920
-0.99990920
-0.99990920
-0.99990920
-0.99990920
-0.99990920
-0.99990920
-0.99990920
-0.99988612
-0.99990920
-0.99990920
-0.99990920
-0.99990920
-0.99990920
-0.99990920
-0.99638081
-0.94537702
-0.75316800
-0.35143977
0.20494107
0.41736394
-0.00599959
-0.79657013
-0.98052199
-0.99580910
-0.99671110
-0.99545621
-0.99570123
-0.99723644
-0.99779894
-0.99778981
-0.99850639
-0.99948263
-0.99985061
-0.99990920
-0.99985713
-0.99915871
-0.99381620
-0.98575619
-0.99446724
-0.99931408
-0.99990920
-0.99990920
-0.99990920
-0.99990920
-0.99990920
-0.99990920
-0.99990920
-0.99990920
-0.99990920
-0.99990920
-0.99990920
-0.99990920
-0.99990920
-0.99990920
-0.99990920
-0.99990920
-0.99990920
-0.99990920
-0.99983727
-0.59172793
0.99993894
1.00000000
1.00000000
1.00000000
1.00000000
1.00000000
1.00000000
1.00000000
1.00000000
1.00000000
1.00000000
1.00000000
1.00000000
1.00000000
1.00000000
1.00000000
1.00000000
1.00000000
1.00000000
1.00000000
1.00000000
1.00000000
1.00000000
1.00000000
1.00000000
1.00000000
1.00000000
1.00000000
1.00000000
1.00000000
1.00000000
1.00000000
1.00000000
1.00000000
1.00000000
1.00000000
1.00000000
1.00000000
1.00000000
1.00000000
1.00000000
1.00000000
1.00000000
1.00000000
1.00000000
1.00000000
0.99999988
0.99999540
0.99991045
0.99884505
0.98232773
0.62144198
-0.75429298
-0.98215716
-0.99598527
-0.99661151
-0.99042856
-0.93803196
-0.68855302
-0.63674096
-0.95255387
-0.99916240
-0.99990920
-0.99990920
-0.99990920
-0.99990920
-0.99990920
-0.99990920
-0.99990920
-0.99990920
-0.99990920
-0.99990920
-0.99990920
-0.99990920
-0.99990920
-0.99990920
-0.99990920
-0.99990920
-0.99990920
-0.99990920
-0.99990920
-0.99990920
-0.99990920
-0.99990920
-0.99990920
-0.99990280
-0.83940172
0.89788808
0.98251604
0.91776716
-0.25398352
-0.98369956
-0.99968754
-0.99990920
-0.99990920
-0.99990920
-0.99990920
-0.99990920
-0.99990920
-0.99942466
-0.92893731
0.69264233
0.99752036
0.99998521
0.99999992
1.00000000
1.00000000
1.00000000
1.00000000
1.00000000
0.99966909
-0.99984662
-0.99990920
-0.99990920
-0.99990920
-0.99990920
-0.99990920
-0.99990920
-0.99990920
-0.99990920
-0.99990920
-0.99990920
-0.99990920
-0.99990920
-0.99990920
-0.99990920
-0.99935237
-0.98432528
-0.57949434
-0.14508251
-0.97194337
-0.99990920
-0.99990920
-0.99990920
-0.99990920
-0.99990920
-0.99981017
-0.99990920
-0.99990920
-0.99990920
-0.99990920
-0.99990920
-0.99990920
-0.99990920
-0.99990920
-0.99990920
-0.99990920
-0.99990920
-0.99990920
-0.99990920
-0.99990920
-0.99990920
-0.99990920
-0.99990920
-0.99990920
-0.92090365
-0.62343138
-0.99238885
-0.99990920
-0.99990920
-0.99990920
-0.99990920
-0.99990920
-0.99990920
-0.98142318
0.93786082
0.99886142
0.99544816
0.34679553
-0.99539234
-0.99990920
-0.99990920
-0.99990920
-0.99990920
-0.99990920
-0.99990920
-0.99990920
-0.99990920
-0.99990920
-0.99990920
-0.99990920
-0.99075961
0.81628132
0.99913766
0.99996683
0.99999341
0.99999517
0.99998479
0.99973288
0.97995139
-0.08980328
-0.96864611
-0.99747664
-0.99940911
-0.99981525
-0.99990920
-0.99990920
-0.99990920
-0.99990920
-0.99990920
-0.99990920
-0.99990920
-0.99990920
-0.99990920
-0.99990920
-0.99990920
-0.99271945
-0.85046581
-0.78735637
-0.94554132
-0.98978142
-0.99590209
-0.99494659
-0.97812362
-0.76617906
0.22206675
0.71298572
0.69345898
0.28230694
-0.61092686
-0.96904817
-0.99775168
-0.99937854
-0.99888903
-0.99364293
-0.96483351
-0.91804713
-0.93532427
-0.97802412
-0.99336207
-0.99534721
-0.98610374
-0.82419834
0.70313072
0.99881086
0.99999914
1.00000000
1.00000000
1.00000000
1.00000000
1.00000000
1.00000000
1.00000000
1.00000000
1.00000000
1.00000000
1.00000000
1.00000000
0.99999979
0.99918548
0.11868697
-0.99349217
-0.99984523
-0.99990920
-0.99990251
-0.99945410
-0.99761799
-0.99488393
-0.99341103
-0.99400010
-0.99669058
-0.99885411
-0.99953125
