0.000000000000000000e+00
2.631578999999999863e-02
5.263157999999999725e-02
7.894737000000000282e-02
1.052631599999999945e-01
1.315789500000000001e-01
1.578947400000000056e-01
1.842105300000000112e-01
2.105263199999999890e-01
2.368421099999999946e-01
2.631578900000000054e-01
2.894736800000000110e-01
3.157894700000000165e-01
3.421052600000000221e-01
3.684210500000000277e-01
3.947368399999999777e-01
4.210526299999999833e-01
4.473684199999999889e-01
4.736842099999999944e-01
5.000000000000000000e-01
