0.0000
0.0000
0.0000
0.0000
0.0000
0.0000
0.0000
0.0000
0.0000
0.0000
0.0000
0.0000
0.0000
0.0000
0.0000
0.0000
0.0000
0.0000
0.0000
0.0000
0.0000
0.0000
0.0000
0.0000
0.0000
0.0000
0.0000
0.0000
0.0000
0.0000
0.0000
0.0000
0.0000
0.0000
0.0000
0.0000
0.0000
0.0000
0.0000
0.0000
0.0000
0.0000
0.0000
0.0000
0.0000
0.0000
0.0000
0.0000
0.0000
0.0000
0.0000
0.0000
0.0000
0.0000
0.0000
0.0000
0.0000
0.0000
0.0000
0.0000
0.0000
0.0000
0.0000
0.1784
0.3116
0.3629
0.2630
0.1378
0.0612
0.0033
0.0409
0.1649
0.2260
0.0925
0.0000
0.0000
0.0000
0.0000
0.0000
0.0000
0.0263
0.1657
0.1924
0.2502
0.2785
0.3201
0.4600
0.5535
0.5448
0.5580
0.4788
0.5928
0.6041
0.6267
0.7173
0.7485
0.7825
0.7488
0.8153
0.7622
0.7923
0.7975
0.7886
0.7594
0.6997
0.5426
0.5641
0.5406
0.5457
0.5558
0.6666
0.6725
0.6934
0.6330
0.6774
0.6585
0.6621
0.5666
0.4863
0.5640
0.6057
0.4883
0.5039
0.5726
0.6626
0.7011
0.6338
0.6623
0.6508
0.6510
0.6498
0.6745
0.6818
0.6953
0.7066
0.6914
0.5994
0.6444
0.7012
0.7518
0.8246
0.8124
0.8095
0.8525
0.8402
0.8006
0.8338
0.8869
0.8151
0.9127
0.9089
0.8507
0.8324
0.8532
0.8197
0.8644
0.9043
0.8716
0.8733
0.8809
0.8661
0.7982
0.8059
0.8100
0.7874
0.7645
0.7260
0.6975
0.6609
0.6772
0.6142
0.6300
0.6229
0.7082
0.6543
0.6568
0.6235
0.5623
0.5952
0.5604
0.5030
0.5064
0.4771
0.4620
0.4736
0.5508
0.6077
0.4462
0.3925
0.2308
0.1003
0.0422
0.1057
0.1245
0.1194
0.0873
0.1287
0.1701
0.2262
0.1900
0.0411
0.0000
0.0000
0.0000
0.0000
0.0000
0.0000
0.0000
0.0000
0.0000
0.0000
0.0000
0.0000
0.0000
0.0000
0.0000
0.0000
0.0000
0.0000
0.0000
0.0000
0.0000
0.0000
0.0000
0.0000
0.0000
0.0000
0.0000
0.0000
0.0000
0.0000
0.0000
0.0000
0.0000
0.0000
0.0000
0.0000
0.0000
0.0000
0.0000
0.0000
0.0000
0.0000
0.0000
0.0000
0.0000
0.0000
0.0000
0.0000
0.0000
0.0000
0.0000
0.0000
0.0000
0.0000
0.0000
0.0000
0.0000
0.0000
0.0000
0.0000
0.0000
0.0000
0.0000
0.0000
0.0000
0.0000
0.0000
0.0000
0.0000
0.0000
0.0000
0.0000
0.0000
0.0000
0.0000
0.0000
0.0000
0.0000
0.0000
0.0000
0.0000
0.0000
0.1887
0.2008
0.1708
0.2674
0.1549
0.2074
0.2219
0.2913
0.2774
0.2870
0.5193
0.5545
0.5801
0.6141
0.5977
0.5991
0.5513
0.5764
0.5625
0.6406
0.6706
0.7244
0.7263
0.7449
0.7771
0.7923
0.7919
0.7798
0.7559
0.7317
0.7810
0.7830
0.7719
0.7425
0.7475
0.7785
0.7753
0.8839
0.9452
0.9667
0.9654
0.9646
0.9392
0.9769
0.9228
0.8765
0.9010
0.9298
0.9068
0.9377
0.9089
0.9362
0.9102
0.9471
0.9058
0.9096
0.9204
0.9030
0.9004
0.8962
0.8716
0.8654
0.8471
0.8839
0.8442
0.8920
0.9078
0.8745
0.9268
0.9306
0.9739
0.9139
0.8376
0.8967
0.9108
0.9434
0.9220
0.9003
0.9566
0.9529
0.9358
1.0000
0.9063
0.9064
0.9496
0.9032
0.8519
0.8433
0.8471
0.8765
0.8439
0.8505
0.8296
0.8363
0.8541
0.8085
0.8234
0.8326
0.8399
0.8268
0.8877
0.7743
0.7335
0.6989
0.6845
0.7306
0.6538
0.6136
0.6944
0.5509
0.5972
0.5941
0.5303
0.5593
0.5511
0.5816
0.5616
0.6314
0.5766
0.5957
0.5376
0.5233
0.6593
0.7016
0.7519
0.6970
0.7403
0.6655
0.5802
0.4581
0.4895
0.5028
0.4909
0.5529
0.5537
0.5128
0.5553
0.6046
0.5842
0.6125
0.5904
0.6822
0.7013
0.6995
0.6324
0.6637
0.7066
0.7922
0.8631
0.8773
0.9401
0.9644
0.9544
0.9072
0.8897
0.8948
0.8498
0.9021
0.9001
0.8129
0.8323
0.7448
0.8736
0.8688
0.9807
0.9399
0.9133
0.9213
0.9130
0.8691
0.8583
0.8326
0.8150
0.8990
0.8438
0.8974
0.8662
0.8870
0.9320
0.9347
0.8580
0.9156
0.8959
0.8710
0.9261
0.9743
0.9127
0.9479
0.9681
0.9241
0.9873
0.8984
0.9750
0.9203
0.8967
0.9182
0.9207
0.9602
0.9506
0.9893
0.9794
0.9168
0.9919
0.9481
0.9875
0.9373
0.9409
0.9346
0.9882
0.9296
0.8762
0.9315
0.9077
0.9222
0.9490
0.9531
0.9579
0.9582
0.9689
0.9664
0.9649
0.9044
0.8765
0.8385
0.8564
0.7355
0.7897
0.7368
0.7497
0.6161
0.6990
0.7432
0.7666
0.6787
0.6360
0.7565
0.8214
0.7902
0.6993
0.5643
0.5796
0.5887
0.4697
0.3788
0.2819
0.2263
0.2102
0.2324
0.2792
0.3991
0.4269
0.2756
0.1561
0.2166
0.2859
0.3206
0.3392
0.3120
0.4518
0.5548
0.4934
0.4862
0.5030
0.5698
0.4701
0.2690
0.3104
0.2172
0.1095
0.0000
0.0000
0.0000
0.0000
0.0000
0.0000
0.0000
0.0000
0.0000
0.0000
0.0000
0.0000
0.0000
0.0000
0.0000
0.0000
0.0000
0.0000
0.0000
0.0000
0.0000
0.0000
0.0000
0.0000
0.0000
0.0000
0.0000
0.0000
0.0000
0.0000
0.0000
0.0000
0.0000
0.0000
0.0000
0.0000
0.0000
0.0000
0.0000
0.0000
0.0000
0.0000
0.0000
0.0000
0.0000
0.0000
0.0000
0.0000
0.0000
0.0000
0.0000
0.0000
0.0000
0.0000
0.0000
0.0000
0.0000
0.0000
0.0000
0.0000
0.0000
0.0000
0.0000
0.0000
0.0000
0.0000
0.0000
0.0000
0.0000
0.0000
0.0000
0.0000
0.0000
0.0000
0.0000
0.0000
0.0000
0.0000
0.1085
0.0816
0.1413
0.2025
0.1851
0.1833
0.1778
0.1567
0.2143
0.1690
0.1930
0.2124
0.1906
0.3258
0.2992
0.3092
0.3191
0.3207
0.2247
0.2867
0.2201
0.1154
0.1536
0.1021
0.1468
0.0259
0.0621
0.0677
0.0987
0.1139
0.0996
0.1525
0.1843
0.1056
0.1660
0.0896
0.0714
0.1447
0.0877
0.0958
0.1692
0.1198
0.1354
0.1270
0.1387
0.1454
0.1997
0.2081
0.1251
0.2577
0.3393
0.2290
0.1954
0.0621
0.0528
0.0424
0.0053
0.1080
0.1207
0.1084
0.1213
0.1221
0.3168
0.2470
0.1226
0.1055
0.0694
0.0644
0.0738
0.0520
0.0108
0.0281
0.0891
0.0840
0.1704
0.1718
0.1862
0.1101
0.0000
0.0377
0.1090
0.0814
0.0000
0.0000
0.0000
0.0012
0.0000
0.0000
0.0000
0.0000
0.0000
0.0996
0.1013
0.1909
0.2210
0.2270
0.2823
0.1854
0.1247
0.1476
0.2068
0.1678
0.1464
0.1990
0.2392
0.1037
0.1305
0.1871
0.1864
0.2078
0.1963
0.3072
0.2588
0.2144
0.2178
0.2900
0.3994
0.4145
0.3758
0.3909
0.2929
0.3533
0.4349
0.4125
0.4178
0.4260
0.4667
0.5154
0.5923
0.7052
0.8044
0.8106
0.7937
0.8369
0.8194
0.8969
0.8597
0.8971
0.8558
0.8777
0.9248
0.8683
0.9124
0.8810
0.7803
0.8151
0.8348
0.8124
0.7532
0.7540
0.7423
0.7388
0.7076
0.7444
0.7573
0.7534
0.8099
0.7918
0.8727
0.8870
0.8069
0.8735
0.8837
0.8597
0.8737
0.9125
0.8437
0.9028
0.9180
0.8592
0.8241
0.8024
0.8641
0.8455
0.8002
0.8644
0.8215
0.8887
0.8906
0.8449
0.9042
0.8718
0.9110
0.8724
0.8840
0.9433
0.9207
0.9325
0.9328
0.8991
0.8845
0.8279
0.8089
0.7583
0.8020
0.8273
0.7924
0.7844
0.8632
0.8689
0.8177
0.8181
0.7910
0.7855
0.7458
0.6565
0.5704
0.4251
0.2154
0.2629
0.1582
0.0989
0.1503
0.0970
0.1613
0.1275
0.1422
0.2522
0.1541
0.1695
0.0694
0.0000
0.0285
0.0786
0.0306
0.0000
0.0000
0.0000
0.0000
0.0000
0.0000
0.0000
0.0000
0.0000
0.0000
0.0000
0.0000
0.0000
0.0000
0.0000
0.0000
0.0000
0.0000
0.0000
0.0000
0.0000
0.0000
0.0000
0.0000
0.0000
0.0000
0.0000
0.0000
0.0000
0.0000
0.0000
0.0000
0.0000
0.0000
0.0000
0.0000
0.0000
0.0000
0.0000
0.0000
0.0000
0.0000
0.0000
0.0000
0.0000
0.0000
0.0000
0.1388
0.2250
0.1975
0.1571
0.1816
0.1720
0.1294
0.0593
0.0053
0.0000
0.0000
0.0000
0.0000
0.0000
0.0000
0.0000
0.0000
0.0000
0.0000
0.0000
0.0000
0.0000
0.0026
0.0649
0.0259
0.0965
0.2970
0.3356
0.6575
0.6566
0.5687
0.6706
0.5664
0.6151
0.4917
0.6345
0.4863
0.3468
0.1921
0.1550
0.0760
0.0537
0.0193
0.0731
0.1116
0.0151
0.0000
0.0000
0.0000
0.0000
0.0000
0.0352
0.0885
0.0939
0.0000
0.0000
0.0000
0.0000
0.0000
0.0000
0.0000
0.0000
0.0000
0.0000
0.0000
0.0000
0.0000
0.0000
0.0000
0.0000
0.0000
0.0000
0.0000
0.0000
0.0000
0.0000
0.0000
0.0000
0.0000
0.0000
0.0000
0.0000
0.0000
0.0000
0.0000
0.0000
0.0000
0.0000
0.0000
0.0000
0.0000
0.0000
0.0000
0.0000
0.0000
0.0000
0.0000
0.0000
0.0000
0.0000
0.0000
0.0000
0.0000
0.0000
0.0000
0.0000
0.0000
0.0000
0.0000
0.0000
0.0000
0.0000
0.0000
0.0000
0.0000
0.0000
0.0000
0.0000
0.0000
0.0000
0.0000
0.0000
