0.8542
0.8466
0.8480
0.8116
0.8626
0.8750
0.8425
0.8701
0.8113
0.8297
0.8504
0.8517
0.8306
0.8289
0.8541
0.8258
0.8128
0.8272
0.8001
0.8491
0.8108
0.8375
0.8418
0.8300
0.8070
0.7980
0.8027
0.8332
0.8812
0.8813
0.8861
0.8715
0.8795
0.8660
0.9314
0.8935
0.8853
0.8798
0.8838
0.5110
0.8697
0.8356
0.8650
0.8005
0.7407
0.7027
0.6519
0.5405
0.4638
0.5535
0.5921
0.6030
0.6434
0.5562
0.6249
0.6014
0.5883
0.5964
0.5485
0.5689
0.5538
0.4616
0.2847
0.0000
0.0000
0.0000
0.0000
0.0000
0.0000
0.0000
0.0000
0.0000
0.0000
0.0000
0.0963
0.2888
0.3151
0.3381
0.2394
0.1525
0.0000
0.0000
0.0000
0.0000
0.0000
0.0000
0.0000
0.0000
0.0000
0.0000
0.0000
0.0000
0.0000
0.0000
0.0000
0.0000
0.0000
0.0000
0.0000
0.0000
0.0000
0.0000
0.0000
0.0000
0.0000
0.0000
0.0000
0.0000
0.0000
0.0000
0.0000
0.0000
0.0000
0.0000
0.0000
0.0000
0.0000
0.0000
0.0000
0.0000
0.0000
0.0000
0.0000
0.0000
0.0000
0.0000
0.0000
0.0000
0.0000
0.0000
0.0000
0.0000
0.0000
0.0000
0.0000
0.0000
0.0000
0.0000
0.0000
0.0000
0.0000
0.0000
0.0000
0.0000
0.0000
0.0000
0.0000
0.0000
0.0000
0.0000
0.0000
0.0000
0.0000
0.0000
0.0000
0.0000
0.0000
0.0000
0.0000
0.0000
0.0000
0.0000
0.0000
0.0000
0.0000
0.0000
0.0000
0.0000
0.0000
0.0000
0.0000
0.0000
0.0000
0.0000
0.0000
0.0000
0.0000
0.0000
0.0000
0.0000
0.0000
0.0000
0.0000
0.0000
0.0000
0.0000
0.0000
0.0000
0.0000
0.0000
0.0000
0.0000
0.0000
0.0000
0.0000
0.0000
0.0000
0.0000
0.0000
0.0000
0.0000
0.2960
0.3003
0.3830
0.3854
0.4142
0.4036
0.4657
0.4429
0.4522
0.4374
0.4427
0.4779
0.4162
0.4743
0.4247
0.4467
0.4526
0.3795
0.3925
0.3983
0.4114
0.3503
0.3050
0.1511
0.0777
0.1180
0.2387
0.2758
0.3809
0.4276
0.4538
0.5603
0.7017
0.7308
0.8938
0.9288
0.9439
0.9443
0.9320
0.9646
0.9728
0.9661
0.9625
0.9470
0.9252
0.9210
0.9672
0.9573
0.9362
0.9747
0.9641
0.9418
0.9405
0.9484
0.9462
0.9595
0.9723
0.9483
0.9568
0.9421
0.9868
0.9490
0.9905
0.9734
0.9575
0.9789
0.9873
0.9670
0.9867
1.0000
0.9496
0.9171
0.8520
0.8013
0.6312
0.5917
0.5217
0.4791
0.4790
0.4447
0.4278
0.1896
0.0000
0.0000
0.0000
0.0000
0.0000
0.0000
0.0000
0.0000
0.0000
0.0000
0.0000
0.0000
0.0000
0.0000
0.0000
0.0000
0.0000
0.0000
0.0000
0.0000
0.0000
0.0000
0.0000
0.0000
0.0000
0.0000
0.0000
0.0000
0.0000
0.0000
0.0000
0.0000
0.0000
0.0000
0.0000
0.0000
0.0000
0.0000
0.0000
0.0000
0.0000
0.0000
0.0000
0.0000
0.0000
0.0000
0.0000
0.0000
0.0000
0.0000
0.0000
0.0000
0.0000
0.0000
0.0000
0.0000
0.0000
0.0000
0.0000
0.0000
0.0000
0.0000
0.0000
0.0000
0.0000
0.0000
0.0000
0.0000
0.0000
0.0000
0.0000
0.0000
0.0000
0.0000
0.0000
0.0000
0.0000
0.0000
0.0000
0.0000
0.0000
0.0000
0.0000
0.0000
0.0000
0.0000
0.0000
0.0000
0.0000
0.0000
0.0000
0.0000
0.0000
0.0000
0.0000
0.0000
0.0000
0.0000
0.0000
0.0000
0.0000
0.0000
0.0000
0.0000
0.0000
0.0000
0.0000
0.0000
0.0000
0.0000
0.0000
0.0000
0.0000
0.0000
0.0000
0.0000
0.0000
0.0000
0.0000
0.0000
0.0000
0.0000
0.0000
0.0000
0.0000
0.0000
0.0000
0.0000
0.0000
0.0000
0.0000
0.0000
0.0000
0.0000
0.0000
0.0000
0.0000
0.0000
0.0000
0.0000
0.0000
0.0000
0.0000
0.0000
0.0000
0.0000
0.0000
0.0000
0.0000
0.0000
0.0000
0.0000
0.0000
0.0000
0.0000
0.0000
0.0000
0.0000
0.0000
0.0000
0.0000
0.0000
0.0000
0.0000
0.0000
0.0000
0.0000
0.0000
0.0000
0.0000
0.0000
0.0000
0.0000
0.0000
0.0000
0.0000
0.0000
0.0000
0.0000
0.0000
0.0000
0.0000
0.0000
0.0000
0.0000
0.0000
0.0000
0.0000
0.0000
0.0000
0.0000
0.0000
0.0000
0.0000
0.0000
0.0000
0.0000
0.0000
0.0000
0.0000
0.0000
0.0000
0.0000
0.0000
0.0000
0.0000
0.0000
0.0000
0.0000
0.0000
0.0000
0.0000
0.0000
0.0000
0.0000
0.0000
0.0000
0.0000
0.0000
0.0000
0.0000
0.0000
0.0000
0.0000
0.0000
0.0000
0.0000
0.0000
0.0000
0.0000
0.0000
0.0000
0.0000
0.0000
0.0000
0.0000
0.0000
0.0000
0.0000
0.0000
0.0000
0.0000
0.0000
0.0000
0.0000
0.0000
0.0000
0.0000
0.0000
0.0000
0.0000
0.0000
0.0000
0.0000
0.0000
0.0000
0.0000
0.0000
0.0000
0.0000
0.0000
0.0000
0.0000
0.0000
0.0000
0.0000
0.0000
0.0000
0.0000
0.0138
0.1776
0.3062
0.2719
0.2981
0.3699
0.4360
0.4603
0.4724
0.5154
0.6044
0.5424
0.5485
0.5707
0.6509
0.7429
0.8337
0.8619
0.9679
0.9660
0.9562
0.9822
0.9703
0.9577
0.9461
0.9371
0.9620
0.9703
0.9637
0.9005
0.9312
0.9561
0.9531
0.9584
0.9157
0.8916
0.9182
0.8948
0.9359
0.9380
0.9389
0.9402
0.9205
0.9225
0.9233
0.9319
0.8927
0.9293
0.9188
0.9172
0.9474
0.9313
0.9564
0.9029
0.9439
0.9435
0.9471
0.9331
0.9456
0.9682
0.9150
0.9518
0.9241
0.9392
0.9547
0.9428
0.9333
0.9374
0.9283
0.9016
0.7396
0.7163
0.6141
0.4591
0.3595
0.3073
0.2218
0.0633
0.0000
0.0000
0.0000
0.0000
0.0000
0.0000
0.0000
0.0000
0.0000
0.0000
0.0000
0.0000
0.0000
0.0000
0.0000
0.0000
0.0000
0.0000
0.0000
0.0000
0.0000
0.0000
0.0000
0.0000
0.0000
0.0000
0.0000
0.0000
0.0000
0.0000
0.0000
0.0000
0.0000
0.0000
0.0000
0.0000
0.0000
0.0000
0.0000
0.0000
0.0000
0.0000
0.0000
0.0000
0.0000
0.0000
0.0000
0.0000
0.0000
0.0000
0.0000
0.0000
0.0000
0.0000
0.0000
0.0000
0.0000
0.0000
0.0000
0.0000
0.0000
0.0000
0.0000
0.0000
0.0000
0.0000
0.0000
0.0000
0.0000
0.0000
0.0000
0.0000
0.0000
0.0000
0.0000
0.0000
0.0000
0.0000
0.0009
0.0000
0.0000
0.0000
0.0020
0.0110
0.0295
0.0000
0.0986
0.0081
0.0517
0.0350
0.0083
0.0000
0.0000
0.0000
0.0000
0.0000
0.0000
0.0000
0.0000
0.0000
0.0000
0.0000
0.0000
0.0000
0.0000
0.0000
0.0000
0.0000
0.0000
0.0000
0.0000
0.0000
0.0000
0.0000
0.0000
0.0000
0.0000
0.0000
0.0000
0.0000
0.0000
0.0000
0.0000
0.0000
0.0000
0.0000
0.0000
0.0000
0.0000
0.0000
0.0000
0.0000
0.0000
0.0000
0.0000
0.0000
0.0000
0.0000
0.0000
0.0000
0.0000
0.0000
0.0000
0.0000
0.0000
0.0000
0.0000
0.0000
0.0000
0.0000
0.0000
0.0000
0.0000
0.0000
0.0000
0.0000
0.0000
0.0000
0.0000
0.0000
0.0000
0.0000
0.0000
0.0000
0.0000
0.0000
0.0000
0.0000
0.0000
0.0000
0.0000
0.0000
0.0000
0.0000
0.0000
0.0000
0.0000
0.0000
0.0000
0.0000
0.0000
0.0000
0.0000
0.0000
0.0000
0.0000
0.0000
0.0000
0.0000
0.0000
0.0000
0.0000
0.0000
0.0000
0.0000
0.0000
0.0000
0.0000
0.0000
0.0000
0.0000
0.0000
0.0000
0.0000
0.0000
0.0000
0.0000
0.0000
0.0000
0.0000
0.0000
0.0000
0.0000
0.0000
0.0000
0.0000
0.0000
0.0000
0.0000
0.0000
0.0000
0.0421
0.0000
0.0000
0.0000
0.0385
0.0027
0.1589
0.1479
0.1277
0.2088
0.1964
0.1711
0.1559
0.1751
0.2542
0.2196
0.1757
0.2883
0.2881
0.1403
0.1304
0.2034
0.2885
0.2730
0.2717
0.2509
0.2214
0.1063
0.1270
0.2259
0.1904
0.2816
0.2449
0.1398
0.2257
0.2724
0.2201
0.2184
0.2069
0.1780
0.1783
0.1036
0.1410
0.1386
0.0864
0.0672
0.1348
0.1571
0.1892
0.1462
0.1060
0.0000
0.0000
0.0000
0.0000
0.0000
0.0000
0.0000
0.0000
0.0000
0.0858
0.1260
0.2260
0.1907
0.2571
0.2025
0.1644
0.2256
0.1832
0.2391
0.1711
0.1515
0.0954
0.0000
0.0000
0.0000
0.0000
0.0000
0.0000
0.0000
0.0000
0.0000
0.0000
0.0000
0.0000
0.0000
0.0000
0.0000
0.0000
0.0000
0.0000
0.0000
0.0000
0.0000
0.0000
0.0000
0.0000
0.0144
0.0668
0.0574
0.0245
0.0711
0.0000
0.0000
0.0000
0.1352
0.1760
0.2438
0.4279
0.4256
0.5241
0.6050
0.5923
0.6151
0.6098
0.7058
0.7711
0.6924
0.7896
0.8540
0.8931
0.8985
0.8974
0.9016
0.9225
0.8944
0.9053
0.9156
0.8971
0.9389
0.9306
0.8950
0.8794
0.9040
0.9187
0.9441
0.8760
0.9365
0.8789
0.8829
0.8578
0.8715
0.8899
0.8900
0.8947
0.8661
0.8930
0.9032
0.8919
0.8849
0.8766
0.8628
0.8632
0.9177
0.8770
0.8766
0.8235
0.8324
0.8168
0.7991
0.6852
0.6387
0.6326
0.6210
0.5532
0.4532
0.3887
0.3330
0.2265
0.1150
0.1303
0.1498
0.1365
