6.519e-01
7.681e-01
8.465e-01
8.769e-01
8.743e-01
7.304e-01
5.272e-01
3.273e-01
2.022e-01
1.461e-01
9.376e-02
4.848e-02
3.101e-02
4.533e-02
5.159e-02
6.103e-02
1.045e-01
1.239e-01
1.430e-01
1.722e-01
2.065e-01
2.628e-01
3.690e-01
4.902e-01
5.958e-01
7.708e-01
8.078e-01
8.596e-01
1.099e+00
1.198e+00
1.269e+00
1.265e+00
1.246e+00
1.213e+00
1.097e+00
8.471e-01
6.785e-01
5.987e-01
5.430e-01
5.220e-01
5.518e-01
5.821e-01
6.326e-01
6.706e-01
6.458e-01
6.266e-01
6.201e-01
6.426e-01
5.761e-01
5.094e-01
3.973e-01
3.302e-01
2.362e-01
2.329e-01
3.098e-01
3.271e-01
3.758e-01
3.175e-01
2.939e-01
3.091e-01
3.559e-01
3.940e-01
3.618e-01
2.980e-01
2.341e-01
1.686e-01
1.061e-01
8.355e-02
3.132e-02
0.000e+00
0.000e+00
0.000e+00
0.000e+00
0.000e+00
0.000e+00
0.000e+00
2.962e-03
1.472e-02
2.250e-02
5.694e-02
5.114e-02
5.381e-02
4.905e-02
3.029e-02
4.963e-03
0.000e+00
0.000e+00
5.154e-03
3.733e-02
1.249e-01
3.355e-01
5.652e-01
6.145e-01
4.475e-01
3.386e-01
3.027e-01
3.136e-01
4.413e-01
6.727e-01
9.716e-01
1.107e+00
1.058e+00
9.119e-01
6.173e-01
4.133e-01
2.908e-01
3.000e-01
2.970e-01
3.808e-01
5.434e-01
9.014e-01
1.040e+00
1.053e+00
9.132e-01
8.151e-01
7.448e-01
6.724e-01
6.092e-01
5.507e-01
5.226e-01
4.799e-01
4.665e-01
4.331e-01
4.395e-01
4.105e-01
4.202e-01
3.678e-01
2.903e-01
1.995e-01
8.999e-02
5.303e-02
3.701e-02
5.167e-02
6.497e-02
1.071e-01
2.003e-01
2.225e-01
2.442e-01
3.674e-01
4.265e-01
5.238e-01
6.448e-01
8.170e-01
7.431e-01
5.934e-01
4.736e-01
4.919e-01
6.174e-01
8.315e-01
9.136e-01
8.489e-01
7.014e-01
5.158e-01
3.092e-01
1.743e-01
9.012e-02
6.946e-02
4.079e-02
1.754e-02
3.643e-03
8.075e-04
0.000e+00
1.739e-02
2.577e-02
2.319e-02
3.503e-02
4.607e-02
4.726e-02
2.877e-02
4.851e-02
6.994e-02
5.789e-02
5.543e-02
3.614e-02
3.449e-02
2.262e-02
1.275e-02
1.899e-03
0.000e+00
0.000e+00
0.000e+00
0.000e+00
0.000e+00
0.000e+00
0.000e+00
3.245e-03
2.533e-03
9.917e-03
2.621e-02
6.729e-02
2.029e-01
3.845e-01
6.609e-01
9.837e-01
1.189e+00
1.313e+00
1.322e+00
1.343e+00
1.312e+00
1.309e+00
1.279e+00
1.205e+00
1.149e+00
1.074e+00
1.054e+00
1.117e+00
1.227e+00
1.376e+00
1.532e+00
1.707e+00
1.731e+00
1.707e+00
1.585e+00
1.441e+00
1.183e+00
1.073e+00
1.090e+00
1.297e+00
1.447e+00
1.573e+00
1.710e+00
1.811e+00
1.836e+00
1.780e+00
1.644e+00
1.345e+00
1.131e+00
1.036e+00
9.883e-01
9.894e-01
9.826e-01
9.541e-01
9.172e-01
7.892e-01
6.566e-01
5.553e-01
4.658e-01
4.336e-01
4.063e-01
4.218e-01
4.333e-01
4.313e-01
4.640e-01
4.971e-01
5.165e-01
4.977e-01
4.924e-01
4.791e-01
5.136e-01
5.113e-01
4.965e-01
4.643e-01
4.419e-01
4.199e-01
3.928e-01
3.481e-01
2.280e-01
1.161e-01
5.365e-02
2.386e-02
9.983e-03
1.269e-02
4.870e-03
0.000e+00
0.000e+00
0.000e+00
4.393e-03
5.340e-02
1.027e-01
1.441e-01
2.066e-01
3.427e-01
4.531e-01
5.390e-01
5.929e-01
6.389e-01
6.664e-01
7.258e-01
6.976e-01
6.333e-01
6.422e-01
6.434e-01
6.683e-01
7.024e-01
6.645e-01
5.628e-01
4.712e-01
4.007e-01
3.334e-01
2.708e-01
2.665e-01
2.887e-01
2.998e-01
3.542e-01
3.766e-01
4.555e-01
6.167e-01
8.025e-01
1.014e+00
1.229e+00
1.222e+00
1.054e+00
8.206e-01
5.224e-01
3.925e-01
3.297e-01
2.644e-01
2.069e-01
1.626e-01
1.267e-01
9.111e-02
7.452e-02
7.835e-02
7.227e-02
7.354e-02
9.413e-02
8.543e-02
1.138e-01
1.389e-01
1.706e-01
2.174e-01
2.868e-01
4.535e-01
7.802e-01
1.015e+00
1.153e+00
1.200e+00
1.302e+00
1.404e+00
1.464e+00
1.484e+00
1.513e+00
1.416e+00
1.309e+00
1.119e+00
9.361e-01
8.134e-01
7.700e-01
8.856e-01
1.049e+00
1.221e+00
1.388e+00
1.477e+00
1.499e+00
1.383e+00
1.103e+00
8.057e-01
4.105e-01
2.262e-01
1.116e-01
3.811e-02
1.961e-02
1.806e-02
4.658e-03
2.403e-02
3.882e-02
6.158e-02
8.366e-02
1.426e-01
2.721e-01
4.514e-01
7.992e-01
1.051e+00
1.197e+00
1.274e+00
1.293e+00
1.277e+00
1.280e+00
1.255e+00
1.309e+00
1.370e+00
1.438e+00
1.442e+00
1.421e+00
1.337e+00
1.211e+00
9.856e-01
6.540e-01
3.323e-01
1.968e-01
1.581e-01
1.133e-01
1.022e-01
8.545e-02
7.711e-02
9.403e-02
7.961e-02
1.162e-01
2.125e-01
3.761e-01
7.360e-01
9.747e-01
1.188e+00
1.312e+00
1.362e+00
1.381e+00
1.370e+00
1.218e+00
1.029e+00
8.762e-01
7.604e-01
7.145e-01
7.922e-01
9.916e-01
1.251e+00
1.663e+00
1.940e+00
2.031e+00
1.937e+00
1.704e+00
1.352e+00
1.087e+00
7.520e-01
3.535e-01
1.855e-01
9.629e-02
1.032e-01
1.074e-01
1.349e-01
1.320e-01
1.441e-01
1.361e-01
1.302e-01
1.240e-01
1.233e-01
1.461e-01
1.790e-01
1.997e-01
2.441e-01
3.077e-01
3.606e-01
3.801e-01
4.021e-01
4.361e-01
4.458e-01
4.218e-01
3.902e-01
3.648e-01
4.069e-01
3.842e-01
3.927e-01
3.957e-01
3.772e-01
2.940e-01
2.647e-01
2.846e-01
4.206e-01
6.698e-01
8.441e-01
8.726e-01
1.102e+00
1.228e+00
1.367e+00
1.414e+00
1.386e+00
1.312e+00
1.231e+00
1.091e+00
8.489e-01
5.067e-01
4.803e-01
7.019e-01
9.673e-01
1.196e+00
1.369e+00
1.466e+00
1.502e+00
1.451e+00
1.399e+00
1.306e+00
1.145e+00
9.814e-01
7.992e-01
5.560e-01
4.630e-01
5.224e-01
7.825e-01
9.452e-01
1.083e+00
1.262e+00
1.351e+00
1.380e+00
1.375e+00
1.323e+00
1.272e+00
1.265e+00
1.233e+00
1.205e+00
1.133e+00
1.058e+00
1.002e+00
1.015e+00
1.045e+00
1.142e+00
1.183e+00
1.214e+00
1.238e+00
1.273e+00
1.270e+00
1.207e+00
1.186e+00
1.186e+00
1.264e+00
1.443e+00
1.508e+00
1.567e+00
1.613e+00
1.638e+00
1.682e+00
1.712e+00
1.722e+00
1.771e+00
1.800e+00
1.677e+00
1.509e+00
1.091e+00
7.873e-01
5.375e-01
3.169e-01
2.561e-01
2.698e-01
3.329e-01
4.366e-01
4.762e-01
4.321e-01
3.191e-01
2.742e-01
2.502e-01
2.131e-01
2.007e-01
1.814e-01
1.579e-01
1.360e-01
1.262e-01
1.280e-01
1.235e-01
1.642e-01
2.475e-01
3.702e-01
6.411e-01
1.121e+00
1.501e+00
1.713e+00
1.785e+00
1.789e+00
1.710e+00
1.662e+00
1.701e+00
1.712e+00
1.689e+00
1.521e+00
1.223e+00
1.027e+00
8.791e-01
7.885e-01
7.570e-01
7.816e-01
7.584e-01
7.671e-01
7.619e-01
7.366e-01
6.414e-01
4.062e-01
2.113e-01
4.143e-02
0.000e+00
0.000e+00
5.670e-02
1.800e-01
2.475e-01
2.947e-01
3.181e-01
3.755e-01
4.510e-01
5.602e-01
7.017e-01
9.432e-01
1.084e+00
1.144e+00
1.182e+00
1.174e+00
1.186e+00
1.201e+00
1.162e+00
1.153e+00
1.062e+00
9.800e-01
8.816e-01
6.148e-01
3.678e-01
1.718e-01
8.923e-02
4.463e-02
0.000e+00
0.000e+00
0.000e+00
0.000e+00
0.000e+00
2.037e-02
8.894e-02
2.286e-01
4.794e-01
8.129e-01
1.340e+00
1.594e+00
1.756e+00
1.770e+00
1.729e+00
1.694e+00
1.669e+00
1.644e+00
1.610e+00
1.603e+00
1.632e+00
1.677e+00
1.641e+00
1.658e+00
1.684e+00
1.689e+00
1.701e+00
1.554e+00
1.251e+00
7.734e-01
5.803e-01
4.846e-01
4.444e-01
4.080e-01
3.739e-01
3.619e-01
2.686e-01
2.395e-01
2.099e-01
2.093e-01
1.823e-01
1.385e-01
5.606e-02
2.671e-02
6.397e-02
2.129e-01
4.962e-01
7.786e-01
1.115e+00
1.249e+00
1.215e+00
1.109e+00
1.003e+00
9.516e-01
8.805e-01
8.565e-01
8.848e-01
9.882e-01
1.062e+00
1.184e+00
1.349e+00
1.413e+00
1.389e+00
1.367e+00
1.324e+00
1.298e+00
1.300e+00
1.336e+00
1.357e+00
1.394e+00
1.377e+00
1.344e+00
1.274e+00
1.231e+00
1.113e+00
1.058e+00
9.950e-01
8.925e-01
7.343e-01
4.757e-01
3.272e-01
2.567e-01
2.793e-01
3.182e-01
3.714e-01
4.429e-01
4.781e-01
4.731e-01
4.386e-01
3.960e-01
2.871e-01
1.981e-01
1.390e-01
1.246e-01
1.686e-01
2.421e-01
3.495e-01
4.053e-01
4.257e-01
5.114e-01
4.508e-01
4.641e-01
4.698e-01
4.808e-01
5.401e-01
5.969e-01
6.054e-01
6.549e-01
6.347e-01
6.546e-01
7.000e-01
7.167e-01
7.392e-01
7.427e-01
7.538e-01
7.800e-01
7.729e-01
7.484e-01
7.387e-01
7.030e-01
6.771e-01
5.920e-01
4.809e-01
3.722e-01
3.033e-01
2.803e-01
2.524e-01
2.471e-01
2.599e-01
2.410e-01
2.319e-01
2.314e-01
2.213e-01
2.132e-01
1.800e-01
2.005e-01
2.252e-01
3.115e-01
4.758e-01
7.323e-01
1.181e+00
1.471e+00
1.564e+00
1.551e+00
1.337e+00
1.080e+00
7.186e-01
2.448e-01
7.080e-02
0.000e+00
0.000e+00
0.000e+00
0.000e+00
0.000e+00
0.000e+00
0.000e+00
0.000e+00
0.000e+00
0.000e+00
0.000e+00
0.000e+00
2.918e-02
6.020e-02
7.863e-02
1.077e-01
1.957e-01
3.579e-01
4.568e-01
5.261e-01
5.902e-01
6.441e-01
6.762e-01
7.369e-01
7.365e-01
7.351e-01
7.516e-01
7.329e-01
7.111e-01
6.547e-01
5.860e-01
5.146e-01
4.318e-01
3.621e-01
2.797e-01
2.057e-01
1.427e-01
8.769e-02
4.997e-02
4.542e-02
7.556e-02
1.918e-01
2.508e-01
2.613e-01
2.148e-01
1.562e-01
3.771e-02
0.000e+00
0.000e+00
0.000e+00
0.000e+00
0.000e+00
0.000e+00
0.000e+00
0.000e+00
5.007e-02
2.014e-01
5.887e-01
9.699e-01
1.268e+00
1.229e+00
1.121e+00
1.061e+00
1.066e+00
1.169e+00
1.324e+00
1.481e+00
1.534e+00
1.256e+00
1.022e+00
7.956e-01
6.604e-01
6.154e-01
6.206e-01
8.032e-01
1.083e+00
1.478e+00
1.712e+00
1.820e+00
1.846e+00
1.826e+00
1.762e+00
1.607e+00
1.415e+00
1.246e+00
1.153e+00
1.060e+00
1.018e+00
1.091e+00
1.185e+00
1.203e+00
1.057e+00
8.964e-01
6.981e-01
5.693e-01
4.641e-01
3.825e-01
3.416e-01
3.214e-01
3.087e-01
2.969e-01
2.963e-01
3.036e-01
3.258e-01
3.650e-01
3.534e-01
3.951e-01
4.448e-01
5.063e-01
6.293e-01
7.376e-01
9.036e-01
9.097e-01
8.112e-01
5.591e-01
3.362e-01
1.533e-01
8.971e-02
5.766e-02
7.700e-02
2.030e-01
4.464e-01
8.853e-01
1.334e+00
1.610e+00
1.739e+00
1.765e+00
1.657e+00
1.523e+00
1.395e+00
1.285e+00
1.221e+00
1.187e+00
1.307e+00
1.299e+00
1.265e+00
1.182e+00
1.072e+00
1.041e+00
1.061e+00
1.133e+00
1.331e+00
1.614e+00
1.776e+00
1.853e+00
1.892e+00
1.789e+00
1.637e+00
1.498e+00
1.328e+00
9.936e-01
8.522e-01
8.452e-01
8.567e-01
8.485e-01
7.754e-01
7.002e-01
6.451e-01
5.606e-01
5.653e-01
5.331e-01
5.126e-01
5.130e-01
5.190e-01
5.304e-01
5.904e-01
6.337e-01
6.858e-01
7.360e-01
7.492e-01
7.169e-01
6.516e-01
4.245e-01
2.396e-01
9.069e-02
4.565e-02
9.883e-03
0.000e+00
0.000e+00
0.000e+00
0.000e+00
0.000e+00
1.691e-02
2.166e-02
1.508e-02
2.444e-02
2.111e-02
2.846e-02
3.412e-02
1.680e-02
0.000e+00
0.000e+00
0.000e+00
0.000e+00
2.978e-03
1.465e-02
9.909e-03
4.351e-03
3.111e-03
0.000e+00
0.000e+00
7.167e-03
1.939e-02
3.500e-02
4.506e-02
5.056e-02
5.625e-02
5.613e-02
4.025e-02
7.400e-02
1.407e-01
2.646e-01
4.245e-01
6.013e-01
8.508e-01
1.136e+00
1.548e+00
1.721e+00
1.691e+00
1.412e+00
1.082e+00
8.073e-01
6.149e-01
5.169e-01
4.921e-01
5.778e-01
7.463e-01
8.478e-01
9.444e-01
1.039e+00
1.193e+00
1.282e+00
1.282e+00
1.136e+00
8.184e-01
6.099e-01
4.260e-01
2.553e-01
1.447e-01
7.252e-02
7.965e-02
1.613e-01
2.198e-01
2.855e-01
3.630e-01
4.657e-01
5.681e-01
6.901e-01
8.222e-01
9.504e-01
1.046e+00
1.047e+00
8.069e-01
5.700e-01
4.333e-01
3.340e-01
3.195e-01
2.904e-01
3.306e-01
3.450e-01
3.976e-01
4.013e-01
4.416e-01
4.284e-01
4.058e-01
3.783e-01
3.802e-01
3.567e-01
3.648e-01
4.349e-01
4.586e-01
4.737e-01
4.866e-01
5.088e-01
5.803e-01
6.514e-01
7.809e-01
8.571e-01
8.555e-01
8.308e-01
7.334e-01
5.943e-01
