1.698e-01
1.408e-01
1.236e-01
1.657e-01
1.842e-01
3.062e-01
3.600e-01
4.109e-01
4.022e-01
3.513e-01
2.746e-01
1.993e-01
1.141e-01
5.948e-02
3.980e-02
2.909e-02
3.670e-02
3.855e-02
4.519e-02
4.969e-02
6.860e-02
8.206e-02
9.535e-02
1.282e-01
2.455e-01
4.498e-01
7.410e-01
1.127e+00
1.442e+00
1.637e+00
1.727e+00
1.765e+00
1.711e+00
1.580e+00
1.389e+00
1.095e+00
9.555e-01
8.602e-01
7.896e-01
7.339e-01
6.572e-01
6.270e-01
5.743e-01
4.665e-01
3.530e-01
2.092e-01
1.346e-01
5.524e-02
1.231e-02
0.000e+00
0.000e+00
0.000e+00
3.053e-02
4.413e-02
2.394e-02
4.441e-02
3.490e-02
3.902e-02
6.427e-02
1.106e-01
2.578e-01
4.257e-01
6.891e-01
1.105e+00
1.395e+00
1.508e+00
1.468e+00
1.291e+00
1.027e+00
6.311e-01
4.162e-01
3.157e-01
2.330e-01
1.623e-01
1.021e-01
7.409e-02
4.574e-02
4.114e-02
4.469e-02
6.167e-02
7.504e-02
7.411e-02
7.011e-02
5.918e-02
6.846e-02
8.718e-02
1.240e-01
2.093e-01
2.837e-01
2.892e-01
1.877e-01
9.976e-02
3.899e-02
2.096e-02
1.448e-02
2.465e-02
3.750e-02
1.354e-02
0.000e+00
0.000e+00
0.000e+00
0.000e+00
0.000e+00
0.000e+00
2.175e-02
3.816e-02
2.006e-02
2.902e-02
3.353e-02
3.307e-02
3.110e-03
2.421e-02
6.737e-02
1.244e-01
1.489e-01
1.614e-01
1.636e-01
1.707e-01
2.065e-01
2.222e-01
2.328e-01
2.017e-01
1.859e-01
1.581e-01
1.370e-01
1.019e-01
7.765e-02
6.983e-02
4.889e-02
1.923e-02
0.000e+00
0.000e+00
0.000e+00
0.000e+00
0.000e+00
4.310e-03
3.943e-02
4.112e-02
3.352e-03
0.000e+00
0.000e+00
0.000e+00
0.000e+00
4.162e-02
4.568e-02
6.879e-02
6.118e-02
1.257e-02
0.000e+00
9.274e-03
5.168e-02
1.066e-01
1.245e-01
9.603e-02
7.166e-02
1.877e-02
0.000e+00
0.000e+00
0.000e+00
0.000e+00
0.000e+00
0.000e+00
0.000e+00
0.000e+00
0.000e+00
2.303e-04
1.907e-02
2.870e-02
3.058e-02
1.860e-02
2.252e-02
9.387e-03
4.702e-03
5.656e-03
3.890e-03
1.027e-02
4.905e-03
1.885e-02
1.853e-02
1.974e-02
2.300e-02
2.642e-02
3.092e-02
2.932e-02
2.987e-02
2.948e-02
2.742e-02
4.119e-02
6.361e-02
1.090e-01
1.701e-01
3.001e-01
6.027e-01
1.053e+00
1.321e+00
1.472e+00
1.564e+00
1.537e+00
1.486e+00
1.439e+00
1.440e+00
1.524e+00
1.588e+00
1.629e+00
1.673e+00
1.614e+00
1.582e+00
1.431e+00
1.191e+00
8.391e-01
6.385e-01
5.702e-01
5.903e-01
6.451e-01
7.578e-01
8.601e-01
9.018e-01
9.633e-01
9.885e-01
9.645e-01
8.983e-01
7.748e-01
6.292e-01
4.386e-01
2.825e-01
1.439e-01
7.939e-02
3.826e-02
2.497e-02
1.956e-02
4.695e-02
7.523e-02
9.246e-02
1.275e-01
1.550e-01
1.694e-01
1.850e-01
1.766e-01
1.764e-01
1.662e-01
1.670e-01
1.742e-01
1.861e-01
1.721e-01
1.758e-01
1.836e-01
1.933e-01
2.094e-01
2.074e-01
1.804e-01
1.860e-01
1.892e-01
2.007e-01
2.095e-01
2.044e-01
1.920e-01
1.226e-01
5.163e-02
3.283e-02
1.857e-02
5.405e-03
0.000e+00
0.000e+00
0.000e+00
0.000e+00
0.000e+00
2.502e-02
3.559e-02
8.558e-02
1.377e-01
2.445e-01
4.341e-01
5.966e-01
7.490e-01
8.738e-01
9.614e-01
1.023e+00
1.051e+00
1.096e+00
1.139e+00
1.131e+00
1.061e+00
9.472e-01
7.624e-01
5.774e-01
3.627e-01
2.490e-01
1.917e-01
1.591e-01
1.482e-01
1.498e-01
1.599e-01
1.791e-01
2.092e-01
2.411e-01
2.984e-01
2.438e-01
1.891e-01
1.185e-01
3.014e-02
4.849e-04
0.000e+00
2.705e-02
3.443e-02
5.352e-02
6.877e-02
7.965e-02
7.992e-02
1.033e-01
1.034e-01
1.248e-01
1.511e-01
2.217e-01
2.751e-01
2.851e-01
2.992e-01
3.536e-01
3.860e-01
4.423e-01
4.916e-01
5.367e-01
6.261e-01
7.210e-01
8.338e-01
9.511e-01
1.139e+00
1.477e+00
1.551e+00
1.448e+00
1.188e+00
7.790e-01
4.930e-01
2.887e-01
8.414e-02
2.255e-02
0.000e+00
1.937e-02
4.765e-02
3.791e-02
5.409e-02
1.002e-01
2.201e-01
3.583e-01
5.135e-01
6.758e-01
7.989e-01
8.577e-01
8.474e-01
7.724e-01
6.663e-01
5.920e-01
4.831e-01
4.344e-01
4.231e-01
4.111e-01
4.187e-01
4.782e-01
5.217e-01
5.852e-01
6.769e-01
7.518e-01
7.487e-01
7.044e-01
6.142e-01
5.595e-01
5.220e-01
5.133e-01
4.743e-01
4.359e-01
3.870e-01
3.492e-01
3.887e-01
4.257e-01
4.775e-01
5.091e-01
5.586e-01
6.288e-01
6.762e-01
6.432e-01
5.806e-01
4.936e-01
4.501e-01
4.390e-01
4.272e-01
4.401e-01
4.612e-01
5.370e-01
6.065e-01
7.102e-01
8.231e-01
8.673e-01
8.540e-01
7.767e-01
6.822e-01
5.806e-01
4.111e-01
2.586e-01
1.456e-01
7.207e-02
3.935e-02
5.718e-02
5.098e-02
6.292e-02
5.593e-02
8.281e-02
1.749e-01
2.947e-01
4.874e-01
7.593e-01
1.091e+00
1.495e+00
1.722e+00
1.876e+00
1.877e+00
1.720e+00
1.501e+00
1.182e+00
8.103e-01
6.776e-01
6.937e-01
5.711e-01
5.163e-01
4.908e-01
4.686e-01
4.462e-01
4.341e-01
4.125e-01
3.695e-01
3.326e-01
2.727e-01
2.602e-01
2.249e-01
2.057e-01
1.725e-01
1.500e-01
1.507e-01
1.328e-01
1.515e-01
1.484e-01
1.792e-01
2.128e-01
2.358e-01
3.018e-01
4.096e-01
5.192e-01
6.069e-01
6.769e-01
7.196e-01
7.689e-01
7.674e-01
7.411e-01
7.030e-01
6.217e-01
5.430e-01
4.425e-01
3.652e-01
2.695e-01
1.893e-01
1.312e-01
9.843e-02
8.152e-02
8.094e-02
7.207e-02
1.712e-01
2.576e-01
3.743e-01
5.291e-01
6.574e-01
7.352e-01
8.126e-01
8.690e-01
8.595e-01
7.897e-01
7.459e-01
7.124e-01
7.070e-01
7.025e-01
7.240e-01
6.953e-01
6.344e-01
6.688e-01
6.516e-01
6.368e-01
6.363e-01
6.017e-01
5.200e-01
4.657e-01
3.847e-01
3.091e-01
1.811e-01
1.231e-01
7.785e-02
7.545e-02
9.464e-02
1.683e-01
2.679e-01
3.342e-01
3.379e-01
3.244e-01
2.936e-01
2.270e-01
1.985e-01
2.293e-01
3.258e-01
4.727e-01
5.285e-01
5.530e-01
5.455e-01
5.448e-01
5.461e-01
5.994e-01
6.535e-01
7.251e-01
8.467e-01
9.861e-01
1.166e+00
1.268e+00
1.357e+00
1.499e+00
1.500e+00
1.476e+00
1.371e+00
1.239e+00
1.222e+00
1.253e+00
1.397e+00
1.402e+00
1.382e+00
1.347e+00
1.274e+00
1.231e+00
1.202e+00
1.218e+00
1.241e+00
1.306e+00
1.406e+00
1.552e+00
1.662e+00
1.649e+00
1.559e+00
1.353e+00
1.046e+00
8.356e-01
7.345e-01
7.237e-01
7.561e-01
8.639e-01
8.195e-01
6.182e-01
4.776e-01
3.960e-01
2.857e-01
2.282e-01
2.178e-01
2.275e-01
2.516e-01
3.381e-01
4.328e-01
4.755e-01
4.443e-01
3.347e-01
1.982e-01
8.906e-02
6.455e-02
6.938e-02
3.215e-02
2.450e-02
1.829e-02
3.642e-02
5.453e-02
1.131e-01
1.660e-01
1.941e-01
2.345e-01
2.547e-01
2.414e-01
1.603e-01
1.232e-01
9.174e-02
8.216e-02
6.785e-02
7.116e-02
6.744e-02
8.232e-02
9.358e-02
8.810e-02
1.072e-01
1.061e-01
9.686e-02
7.280e-02
2.658e-02
2.559e-03
0.000e+00
0.000e+00
0.000e+00
0.000e+00
0.000e+00
0.000e+00
9.135e-03
4.644e-02
1.298e-01
1.897e-01
2.923e-01
4.438e-01
5.998e-01
6.676e-01
7.111e-01
7.722e-01
7.633e-01
7.116e-01
6.806e-01
6.560e-01
6.122e-01
5.722e-01
5.405e-01
5.500e-01
5.259e-01
5.549e-01
6.371e-01
7.015e-01
8.242e-01
9.184e-01
8.940e-01
1.021e+00
1.013e+00
9.442e-01
8.657e-01
7.709e-01
6.199e-01
3.873e-01
2.404e-01
1.665e-01
1.191e-01
8.601e-02
1.029e-01
1.022e-01
8.941e-02
8.144e-02
7.649e-02
1.721e-01
2.514e-01
3.813e-01
3.700e-01
2.948e-01
2.434e-01
1.893e-01
1.255e-01
1.174e-01
1.256e-01
9.734e-02
6.712e-02
7.008e-02
1.026e-01
1.368e-01
2.737e-01
3.789e-01
4.492e-01
5.312e-01
5.738e-01
6.077e-01
5.933e-01
5.409e-01
4.366e-01
3.019e-01
1.845e-01
1.105e-01
7.375e-02
6.825e-02
8.107e-02
6.744e-02
3.332e-02
3.257e-02
4.926e-02
6.049e-02
6.295e-02
3.713e-02
1.742e-02
0.000e+00
0.000e+00
0.000e+00
0.000e+00
0.000e+00
0.000e+00
2.912e-02
5.026e-02
6.454e-02
4.137e-02
1.899e-02
2.285e-02
7.001e-02
1.164e-01
1.802e-01
2.258e-01
2.558e-01
2.287e-01
2.314e-01
2.799e-01
3.507e-01
4.789e-01
7.518e-01
9.058e-01
9.924e-01
1.057e+00
1.058e+00
9.985e-01
9.566e-01
9.090e-01
9.026e-01
8.640e-01
9.327e-01
9.364e-01
9.667e-01
1.026e+00
1.019e+00
1.055e+00
1.128e+00
1.252e+00
1.358e+00
1.430e+00
1.497e+00
1.482e+00
1.454e+00
1.434e+00
1.415e+00
1.406e+00
1.390e+00
1.371e+00
1.468e+00
1.508e+00
1.544e+00
1.562e+00
1.575e+00
1.574e+00
1.402e+00
1.146e+00
7.948e-01
5.824e-01
4.923e-01
5.013e-01
5.345e-01
5.287e-01
4.656e-01
3.841e-01
3.065e-01
2.703e-01
2.559e-01
2.290e-01
2.275e-01
2.330e-01
2.129e-01
2.236e-01
2.120e-01
1.977e-01
1.927e-01
1.917e-01
1.906e-01
2.303e-01
2.931e-01
3.732e-01
5.488e-01
7.252e-01
8.565e-01
9.737e-01
9.886e-01
1.030e+00
1.048e+00
1.072e+00
1.085e+00
1.043e+00
9.677e-01
8.200e-01
6.662e-01
4.218e-01
3.204e-01
3.091e-01
2.822e-01
2.933e-01
2.973e-01
3.179e-01
3.095e-01
2.835e-01
3.515e-01
4.286e-01
4.765e-01
5.116e-01
5.221e-01
5.319e-01
5.049e-01
4.334e-01
3.541e-01
3.232e-01
2.877e-01
2.668e-01
2.588e-01
2.795e-01
3.555e-01
4.492e-01
5.208e-01
5.740e-01
5.581e-01
3.872e-01
2.637e-01
1.363e-01
7.634e-02
4.018e-03
0.000e+00
4.607e-03
5.717e-02
1.589e-01
4.301e-01
7.781e-01
1.043e+00
1.188e+00
1.217e+00
1.143e+00
1.118e+00
1.037e+00
9.059e-01
7.564e-01
6.081e-01
5.261e-01
5.318e-01
6.017e-01
7.828e-01
1.106e+00
1.391e+00
1.661e+00
1.815e+00
1.871e+00
1.856e+00
1.698e+00
1.429e+00
1.069e+00
6.685e-01
3.778e-01
2.157e-01
1.450e-01
1.053e-01
9.156e-02
6.156e-02
5.095e-02
5.642e-02
6.246e-02
6.320e-02
6.090e-02
5.554e-02
4.722e-02
5.008e-02
5.246e-02
5.849e-02
7.507e-02
1.024e-01
1.547e-01
2.276e-01
3.050e-01
3.268e-01
2.777e-01
2.521e-01
2.493e-01
2.910e-01
4.670e-01
7.251e-01
1.118e+00
1.377e+00
1.433e+00
1.190e+00
9.977e-01
9.161e-01
8.929e-01
9.822e-01
9.631e-01
8.634e-01
6.806e-01
5.915e-01
6.182e-01
7.203e-01
1.100e+00
1.401e+00
1.618e+00
1.799e+00
1.872e+00
1.820e+00
1.711e+00
1.467e+00
1.081e+00
8.173e-01
6.034e-01
4.413e-01
3.760e-01
3.330e-01
2.954e-01
2.310e-01
2.166e-01
2.250e-01
2.534e-01
2.800e-01
3.476e-01
5.016e-01
6.112e-01
6.778e-01
7.496e-01
7.712e-01
7.678e-01
8.082e-01
8.130e-01
8.201e-01
8.483e-01
8.359e-01
7.842e-01
7.313e-01
6.587e-01
5.195e-01
3.650e-01
2.028e-01
7.341e-02
4.653e-02
2.496e-02
1.436e-02
0.000e+00
0.000e+00
0.000e+00
0.000e+00
0.000e+00
0.000e+00
0.000e+00
0.000e+00
1.252e-02
8.600e-04
8.092e-03
0.000e+00
0.000e+00
0.000e+00
0.000e+00
0.000e+00
0.000e+00
0.000e+00
0.000e+00
2.845e-03
1.084e-02
5.939e-03
8.521e-03
3.837e-03
4.779e-03
5.101e-03
1.383e-02
2.896e-02
4.914e-02
9.255e-02
1.237e-01
1.739e-01
2.433e-01
2.942e-01
4.306e-01
7.047e-01
9.483e-01
1.152e+00
1.208e+00
1.148e+00
9.139e-01
6.889e-01
4.457e-01
2.144e-01
1.426e-01
1.300e-01
1.308e-01
1.315e-01
1.293e-01
1.125e-01
8.423e-02
4.974e-02
1.071e-02
0.000e+00
0.000e+00
3.005e-02
7.244e-02
1.691e-01
2.648e-01
3.356e-01
3.707e-01
4.088e-01
3.845e-01
3.660e-01
4.492e-01
6.097e-01
7.094e-01
7.947e-01
8.716e-01
8.748e-01
8.766e-01
8.423e-01
7.439e-01
5.571e-01
3.759e-01
1.918e-01
0.000e+00
0.000e+00
0.000e+00
7.074e-03
0.000e+00
1.674e-02
1.571e-03
0.000e+00
0.000e+00
0.000e+00
0.000e+00
0.000e+00
0.000e+00
0.000e+00
0.000e+00
2.052e-02
2.533e-02
3.034e-02
2.114e-02
4.404e-02
5.900e-02
8.791e-02
1.212e-01
2.009e-01
3.143e-01
3.646e-01
3.659e-01
2.916e-01
2.593e-01
2.250e-01
