-0.000e+00
-0.000e+00
-0.000e+00
2.431e-04
2.691e-03
7.383e-03
9.142e-03
1.369e-02
1.707e-02
1.811e-02
1.850e-02
1.687e-02
1.440e-02
1.372e-02
1.092e-02
1.113e-02
1.174e-02
1.145e-02
1.288e-02
1.440e-02
1.675e-02
1.652e-02
1.709e-02
1.785e-02
1.684e-02
1.523e-02
1.302e-02
1.170e-02
9.890e-03
6.285e-03
2.608e-03
1.750e-03
1.232e-03
3.902e-04
-0.000e+00
-0.000e+00
-0.000e+00
1.018e-03
2.198e-03
3.165e-03
6.015e-03
8.288e-03
8.435e-03
6.779e-03
5.057e-03
6.994e-03
9.893e-03
1.056e-02
1.120e-02
1.217e-02
1.246e-02
1.120e-02
1.401e-02
1.629e-02
1.639e-02
1.840e-02
2.141e-02
2.915e-02
3.457e-02
3.997e-02
4.823e-02
5.230e-02
5.624e-02
5.743e-02
5.730e-02
5.803e-02
5.799e-02
5.593e-02
5.750e-02
5.688e-02
5.593e-02
5.475e-02
5.428e-02
5.025e-02
4.855e-02
4.544e-02
3.730e-02
3.202e-02
2.926e-02
2.742e-02
2.670e-02
2.883e-02
2.829e-02
2.826e-02
2.880e-02
2.837e-02
3.028e-02
3.188e-02
3.681e-02
4.404e-02
5.100e-02
5.353e-02
5.584e-02
5.703e-02
5.664e-02
5.671e-02
5.703e-02
5.677e-02
5.347e-02
4.556e-02
3.830e-02
3.295e-02
2.886e-02
2.908e-02
2.882e-02
2.971e-02
3.191e-02
3.146e-02
3.239e-02
3.323e-02
3.666e-02
3.710e-02
3.465e-02
3.331e-02
3.203e-02
3.169e-02
2.913e-02
2.868e-02
2.854e-02
2.778e-02
2.906e-02
3.542e-02
4.126e-02
4.688e-02
5.296e-02
5.256e-02
5.402e-02
5.656e-02
5.542e-02
5.428e-02
5.346e-02
5.278e-02
5.143e-02
5.308e-02
5.579e-02
5.562e-02
5.557e-02
5.640e-02
5.758e-02
5.628e-02
5.539e-02
5.346e-02
5.224e-02
5.103e-02
4.895e-02
5.009e-02
4.901e-02
4.980e-02
4.966e-02
5.053e-02
5.322e-02
5.077e-02
5.323e-02
5.291e-02
5.237e-02
5.250e-02
5.179e-02
5.039e-02
5.080e-02
5.243e-02
5.650e-02
5.706e-02
5.854e-02
5.736e-02
5.483e-02
5.344e-02
5.213e-02
4.557e-02
3.977e-02
3.637e-02
3.405e-02
3.303e-02
3.228e-02
3.189e-02
3.167e-02
3.162e-02
2.864e-02
2.762e-02
2.801e-02
2.823e-02
2.617e-02
2.815e-02
2.877e-02
3.039e-02
2.882e-02
2.858e-02
2.907e-02
2.987e-02
3.087e-02
3.235e-02
3.431e-02
3.059e-02
3.157e-02
3.052e-02
2.760e-02
2.323e-02
1.910e-02
9.798e-03
6.562e-03
4.170e-03
3.378e-03
3.839e-03
7.569e-03
1.100e-02
1.738e-02
2.797e-02
3.632e-02
4.248e-02
4.563e-02
5.102e-02
5.748e-02
5.943e-02
6.093e-02
6.190e-02
6.144e-02
5.833e-02
5.633e-02
5.477e-02
5.176e-02
4.741e-02
4.317e-02
3.885e-02
3.154e-02
2.953e-02
2.948e-02
2.884e-02
2.810e-02
2.905e-02
2.769e-02
2.802e-02
2.499e-02
2.110e-02
1.577e-02
1.031e-02
7.236e-03
7.077e-03
8.644e-03
1.036e-02
1.351e-02
1.649e-02
2.005e-02
2.275e-02
2.134e-02
1.711e-02
1.201e-02
6.582e-03
2.718e-03
2.178e-04
-0.000e+00
-0.000e+00
-0.000e+00
-0.000e+00
4.617e-04
2.037e-03
3.839e-03
9.342e-03
2.206e-02
3.091e-02
4.023e-02
4.802e-02
5.381e-02
5.618e-02
5.461e-02
5.051e-02
4.440e-02
3.500e-02
2.903e-02
2.356e-02
1.690e-02
1.382e-02
1.538e-02
2.059e-02
2.286e-02
2.685e-02
2.747e-02
2.913e-02
2.913e-02
2.894e-02
2.780e-02
2.926e-02
3.040e-02
3.356e-02
3.227e-02
3.287e-02
3.346e-02
3.327e-02
3.319e-02
3.405e-02
3.644e-02
3.698e-02
3.580e-02
3.666e-02
3.480e-02
3.341e-02
3.165e-02
3.177e-02
3.276e-02
3.291e-02
3.208e-02
2.824e-02
2.240e-02
1.371e-02
6.887e-03
3.392e-03
9.159e-04
-0.000e+00
-0.000e+00
-0.000e+00
-0.000e+00
-0.000e+00
-0.000e+00
-0.000e+00
-0.000e+00
-0.000e+00
7.839e-04
2.536e-03
5.919e-03
1.040e-02
1.440e-02
1.690e-02
2.038e-02
2.361e-02
1.946e-02
1.747e-02
1.499e-02
1.390e-02
1.421e-02
1.379e-02
1.595e-02
1.688e-02
1.780e-02
1.504e-02
1.417e-02
1.332e-02
1.233e-02
1.157e-02
1.396e-02
1.433e-02
1.550e-02
2.097e-02
2.861e-02
4.053e-02
4.732e-02
4.917e-02
4.764e-02
4.505e-02
3.870e-02
3.062e-02
2.587e-02
2.237e-02
2.278e-02
2.638e-02
3.326e-02
4.326e-02
4.761e-02
5.071e-02
5.225e-02
5.301e-02
5.164e-02
4.773e-02
4.085e-02
3.079e-02
2.422e-02
1.939e-02
1.801e-02
1.443e-02
1.504e-02
1.506e-02
1.483e-02
1.541e-02
1.411e-02
1.169e-02
8.847e-03
7.303e-03
5.551e-03
4.177e-03
1.920e-03
3.760e-03
5.071e-03
9.665e-03
1.160e-02
1.289e-02
1.401e-02
1.252e-02
1.291e-02
1.176e-02
1.171e-02
1.150e-02
1.091e-02
1.081e-02
1.276e-02
1.408e-02
1.370e-02
1.593e-02
1.287e-02
1.477e-02
1.516e-02
1.557e-02
1.538e-02
1.535e-02
1.253e-02
1.204e-02
1.121e-02
7.610e-03
6.578e-03
3.059e-03
1.693e-03
5.430e-04
5.073e-05
-0.000e+00
-0.000e+00
-0.000e+00
-0.000e+00
-0.000e+00
-0.000e+00
-0.000e+00
2.704e-05
3.146e-04
6.974e-04
1.704e-03
3.206e-03
5.510e-03
6.145e-03
7.857e-03
9.696e-03
9.347e-03
8.579e-03
8.693e-03
9.709e-03
1.238e-02
1.542e-02
2.047e-02
2.829e-02
4.118e-02
4.744e-02
5.261e-02
5.274e-02
5.360e-02
5.639e-02
5.388e-02
5.212e-02
5.124e-02
5.058e-02
5.051e-02
5.275e-02
5.328e-02
5.262e-02
5.471e-02
5.639e-02
5.595e-02
5.610e-02
5.649e-02
5.589e-02
5.281e-02
5.173e-02
5.204e-02
5.036e-02
4.938e-02
4.991e-02
5.083e-02
5.079e-02
5.075e-02
5.328e-02
5.496e-02
5.500e-02
5.477e-02
5.439e-02
5.464e-02
5.345e-02
5.108e-02
4.975e-02
4.703e-02
4.443e-02
4.058e-02
3.415e-02
2.475e-02
1.754e-02
1.432e-02
1.063e-02
1.073e-02
1.198e-02
1.390e-02
1.573e-02
1.727e-02
1.807e-02
1.857e-02
2.265e-02
2.698e-02
3.625e-02
4.429e-02
5.069e-02
5.268e-02
5.358e-02
4.748e-02
4.071e-02
2.642e-02
1.576e-02
9.235e-03
4.167e-03
1.148e-03
-0.000e+00
-0.000e+00
-0.000e+00
-0.000e+00
5.592e-04
9.853e-04
2.384e-03
2.594e-03
5.296e-03
7.130e-03
8.306e-03
9.848e-03
1.280e-02
1.516e-02
1.712e-02
1.931e-02
2.457e-02
3.227e-02
4.295e-02
5.159e-02
5.647e-02
5.891e-02
5.803e-02
5.666e-02
5.048e-02
4.100e-02
3.618e-02
3.207e-02
2.861e-02
2.792e-02
2.878e-02
2.793e-02
2.870e-02
2.958e-02
3.082e-02
3.074e-02
3.223e-02
3.119e-02
3.147e-02
3.031e-02
2.965e-02
2.858e-02
3.076e-02
2.989e-02
2.880e-02
2.839e-02
2.966e-02
3.181e-02
3.449e-02
4.075e-02
4.742e-02
5.255e-02
5.490e-02
5.455e-02
4.941e-02
4.486e-02
3.619e-02
2.530e-02
1.768e-02
1.135e-02
1.000e-02
9.383e-03
1.327e-02
2.054e-02
2.632e-02
2.738e-02
3.008e-02
3.119e-02
3.232e-02
3.122e-02
3.274e-02
3.394e-02
3.287e-02
3.209e-02
2.965e-02
2.630e-02
2.187e-02
1.629e-02
8.605e-03
3.900e-03
1.583e-03
-0.000e+00
-0.000e+00
-0.000e+00
-0.000e+00
-0.000e+00
-0.000e+00
-0.000e+00
-0.000e+00
-0.000e+00
-0.000e+00
-0.000e+00
-0.000e+00
-0.000e+00
3.386e-04
3.772e-04
5.341e-04
2.289e-04
8.492e-04
-0.000e+00
5.175e-04
-0.000e+00
-0.000e+00
-0.000e+00
5.372e-04
2.260e-03
4.084e-03
3.342e-03
5.091e-03
6.713e-03
6.544e-03
7.503e-03
6.052e-03
6.142e-03
6.040e-03
2.760e-03
2.281e-03
2.218e-03
2.199e-03
2.473e-03
1.588e-03
1.855e-03
4.241e-04
9.505e-04
1.777e-04
2.727e-04
-0.000e+00
-0.000e+00
3.220e-04
5.774e-04
-0.000e+00
-0.000e+00
-0.000e+00
-0.000e+00
-0.000e+00
-0.000e+00
4.847e-04
1.724e-03
4.746e-03
1.044e-02
1.984e-02
2.940e-02
3.781e-02
4.742e-02
5.342e-02
5.834e-02
5.898e-02
5.992e-02
5.911e-02
5.725e-02
5.709e-02
5.915e-02
5.554e-02
4.908e-02
4.154e-02
3.705e-02
3.644e-02
3.495e-02
3.473e-02
3.534e-02
3.509e-02
3.333e-02
3.249e-02
3.375e-02
3.343e-02
3.478e-02
3.498e-02
3.574e-02
3.809e-02
3.781e-02
3.419e-02
2.637e-02
2.280e-02
2.501e-02
2.919e-02
3.840e-02
4.674e-02
4.964e-02
5.298e-02
5.276e-02
5.331e-02
5.302e-02
5.157e-02
5.108e-02
5.159e-02
5.326e-02
5.377e-02
5.303e-02
5.271e-02
5.320e-02
5.257e-02
5.297e-02
5.159e-02
4.985e-02
4.629e-02
3.864e-02
2.858e-02
2.226e-02
1.897e-02
1.581e-02
1.356e-02
1.615e-02
2.024e-02
3.143e-02
3.936e-02
4.666e-02
5.075e-02
5.595e-02
5.826e-02
5.907e-02
5.912e-02
5.777e-02
5.510e-02
5.349e-02
4.914e-02
4.145e-02
3.342e-02
2.397e-02
1.667e-02
1.314e-02
1.300e-02
1.701e-02
2.054e-02
2.251e-02
2.441e-02
2.674e-02
3.211e-02
3.380e-02
3.604e-02
4.004e-02
4.395e-02
4.655e-02
4.686e-02
4.862e-02
4.810e-02
4.509e-02
4.032e-02
3.658e-02
3.352e-02
3.057e-02
3.010e-02
2.988e-02
3.323e-02
3.097e-02
3.083e-02
2.958e-02
2.877e-02
2.931e-02
3.043e-02
2.995e-02
3.129e-02
3.458e-02
3.302e-02
3.364e-02
3.167e-02
3.191e-02
3.247e-02
3.223e-02
3.093e-02
2.996e-02
2.814e-02
2.796e-02
2.898e-02
2.907e-02
2.895e-02
3.045e-02
3.087e-02
3.118e-02
3.105e-02
3.079e-02
3.096e-02
3.130e-02
3.218e-02
3.389e-02
3.215e-02
3.307e-02
3.607e-02
3.930e-02
4.624e-02
5.031e-02
5.033e-02
5.184e-02
5.209e-02
5.135e-02
4.719e-02
3.947e-02
3.620e-02
3.598e-02
3.767e-02
4.220e-02
4.791e-02
4.944e-02
5.045e-02
5.270e-02
5.513e-02
5.915e-02
6.004e-02
5.757e-02
5.543e-02
5.093e-02
4.470e-02
3.859e-02
2.963e-02
2.533e-02
1.925e-02
1.731e-02
1.625e-02
1.509e-02
1.238e-02
1.005e-02
8.623e-03
7.623e-03
9.554e-03
1.040e-02
1.028e-02
1.127e-02
1.170e-02
1.351e-02
1.280e-02
1.405e-02
1.497e-02
1.276e-02
1.259e-02
1.115e-02
1.088e-02
9.537e-03
9.087e-03
9.216e-03
1.134e-02
1.280e-02
1.321e-02
1.296e-02
1.425e-02
1.499e-02
1.664e-02
1.694e-02
1.712e-02
1.637e-02
1.650e-02
1.610e-02
1.617e-02
1.437e-02
1.355e-02
1.197e-02
9.400e-03
1.056e-02
9.620e-03
8.491e-03
4.080e-03
2.711e-03
3.049e-03
3.486e-03
5.227e-03
9.752e-03
1.722e-02
2.010e-02
2.375e-02
2.239e-02
1.681e-02
1.601e-02
1.422e-02
1.208e-02
1.241e-02
1.138e-02
1.058e-02
7.163e-03
2.805e-03
1.331e-03
1.763e-03
-0.000e+00
-0.000e+00
-0.000e+00
-0.000e+00
-0.000e+00
-0.000e+00
-0.000e+00
-0.000e+00
-0.000e+00
-0.000e+00
-0.000e+00
-0.000e+00
-0.000e+00
-0.000e+00
-0.000e+00
9.789e-04
3.551e-03
6.624e-03
8.703e-03
6.419e-03
6.539e-03
3.053e-03
1.451e-03
-0.000e+00
-0.000e+00
-0.000e+00
-0.000e+00
-0.000e+00
-0.000e+00
-0.000e+00
-0.000e+00
6.987e-04
1.891e-03
2.886e-03
5.083e-03
7.456e-03
9.453e-03
1.221e-02
1.143e-02
1.222e-02
1.220e-02
1.168e-02
1.215e-02
1.294e-02
1.207e-02
1.355e-02
1.403e-02
1.512e-02
1.750e-02
1.759e-02
1.996e-02
2.247e-02
2.519e-02
2.983e-02
3.931e-02
4.562e-02
4.693e-02
4.635e-02
4.199e-02
3.444e-02
2.153e-02
1.130e-02
7.289e-03
4.708e-03
1.896e-03
2.712e-03
2.665e-03
2.224e-03
2.377e-03
4.063e-03
8.340e-03
1.040e-02
1.159e-02
1.527e-02
1.526e-02
1.846e-02
2.228e-02
3.138e-02
4.373e-02
5.197e-02
5.724e-02
5.913e-02
5.791e-02
5.227e-02
4.612e-02
3.769e-02
2.572e-02
2.196e-02
1.822e-02
1.589e-02
1.522e-02
1.653e-02
1.952e-02
2.604e-02
3.663e-02
4.418e-02
4.523e-02
4.106e-02
3.483e-02
3.054e-02
2.535e-02
1.887e-02
9.646e-03
5.142e-03
1.221e-03
2.999e-04
-0.000e+00
-0.000e+00
1.821e-04
-0.000e+00
-0.000e+00
-0.000e+00
-0.000e+00
-0.000e+00
-0.000e+00
-0.000e+00
-0.000e+00
7.453e-04
8.944e-04
1.698e-03
1.680e-03
3.729e-03
6.646e-03
8.959e-03
1.366e-02
1.552e-02
1.504e-02
1.628e-02
1.614e-02
1.562e-02
1.447e-02
1.605e-02
1.639e-02
1.689e-02
1.507e-02
1.583e-02
1.432e-02
1.361e-02
1.476e-02
1.449e-02
1.361e-02
1.540e-02
1.591e-02
1.592e-02
1.599e-02
1.371e-02
1.108e-02
7.847e-03
4.600e-03
2.068e-03
-0.000e+00
-0.000e+00
-0.000e+00
-0.000e+00
-0.000e+00
