0.99999948
0.99999525
0.99991586
0.99946356
0.99932352
0.99966820
0.99976860
0.99938188
0.99312346
0.85167272
-0.20633127
-0.81919024
-0.83958718
-0.27527123
0.85410871
0.98785346
0.99086369
0.91003182
-0.34381933
-0.97438656
-0.99800151
-0.99950714
-0.99969890
-0.99962638
-0.99914188
-0.99686325
-0.98700820
-0.96083757
-0.93247159
-0.91446151
-0.83768903
-0.22994081
0.91486251
0.99922116
0.99999281
0.99999964
0.99999960
0.99998523
0.99456181
-0.12077246
-0.98588925
-0.99909603
-0.99973878
-0.99982936
-0.99984808
-0.99985476
-0.99986074
-0.99986552
-0.99986658
-0.99986266
-0.99985527
-0.99984898
-0.99984866
-0.99985488
-0.99986385
-0.99987165
-0.99987663
-0.99987869
-0.99987772
-0.99987182
-0.99985323
-0.99979428
-0.99957177
-0.99835194
-0.98716211
-0.83661167
0.26817492
0.96215255
0.99934579
0.99999055
0.99999929
0.99999813
0.99981215
0.90606132
-0.84790945
-0.99512820
-0.99898880
-0.99913779
-0.99793464
-0.98753689
-0.81793183
0.63510963
0.99656503
0.99999016
0.99999999
1.00000000
1.00000000
1.00000000
1.00000000
1.00000000
1.00000000
1.00000000
1.00000000
1.00000000
1.00000000
1.00000000
1.00000000
1.00000000
1.00000000
1.00000000
1.00000000
1.00000000
1.00000000
1.00000000
1.00000000
1.00000000
1.00000000
1.00000000
1.00000000
1.00000000
1.00000000
1.00000000
1.00000000
1.00000000
1.00000000
1.00000000
1.00000000
1.00000000
1.00000000
1.00000000
0.99999997
0.99997881
0.99160277
0.66903354
0.20588922
0.68009774
0.98314868
0.99964704
0.99997983
0.99998162
0.99955759
0.91950773
-0.78785217
-0.99530150
-0.99949177
-0.99980971
-0.99986251
-0.99987010
-0.99986564
-0.99985794
-0.99985133
-0.99984879
-0.99985106
-0.99985664
-0.99986307
-0.99986754
-0.99986399
-0.99983054
-0.99965190
-0.99811367
-0.96331821
-0.03453818
0.94344828
0.99165963
0.99025374
0.95640447
0.76788801
0.30773201
-0.15883710
-0.47501943
-0.69538612
-0.85326695
-0.94236983
-0.97753280
-0.98783865
-0.98835682
-0.98245285
-0.97557236
-0.98220155
-0.99366120
-0.99807271
-0.99889776
-0.99778559
-0.97738047
-0.19692551
0.98619873
0.99993670
0.99999825
0.99999886
0.99998367
0.99867164
0.88431845
-0.37879723
-0.90905478
-0.96614790
-0.97431919
-0.97690283
-0.97886116
-0.96682177
-0.79445508
0.67855307
0.99711819
0.99994953
0.99999126
0.99999059
0.99999058
0.99999774
0.99999982
0.99999998
1.00000000
1.00000000
1.00000000
1.00000000
1.00000000
1.00000000
1.00000000
1.00000000
1.00000000
1.00000000
1.00000000
0.99977634
0.12168915
-0.98800530
-0.99912168
-0.99971722
-0.99982703
-0.99986209
-0.99987569
-0.99988096
-0.99988262
-0.99988243
-0.99988132
-0.99987987
-0.99987832
-0.99987667
-0.99987505
-0.99987366
-0.99987214
-0.99986895
-0.99986001
-0.99982950
-0.99969632
-0.99868553
-0.97361876
0.25936610
0.99686323
0.99998277
0.99999893
0.99999902
0.99999626
0.99998583
0.99996332
0.99990000
0.99966925
0.99917447
0.99890525
0.99896768
0.99890919
0.99879628
0.99920315
0.99980291
0.99998183
0.99999907
0.99999996
1.00000000
1.00000000
1.00000000
1.00000000
0.99999998
0.99999991
0.99999990
0.99999995
0.99999999
1.00000000
1.00000000
1.00000000
1.00000000
1.00000000
1.00000000
1.00000000
1.00000000
1.00000000
1.00000000
1.00000000
1.00000000
1.00000000
1.00000000
1.00000000
1.00000000
1.00000000
1.00000000
1.00000000
1.00000000
1.00000000
1.00000000
1.00000000
1.00000000
1.00000000
1.00000000
1.00000000
1.00000000
0.99999999
0.99999994
0.99999952
0.99998569
0.99861216
0.93213074
0.75081740
0.92622746
0.99305481
0.99873795
0.99947660
0.99987472
0.99999397
0.99999990
1.00000000
1.00000000
1.00000000
1.00000000
0.99999994
0.99998193
0.99648820
0.90426827
0.69231167
0.62027861
0.44065874
-0.19443527
-0.78394887
-0.91629364
-0.85902380
-0.19540951
0.86306179
0.98930424
0.99695704
0.99563025
0.97989819
0.87940817
0.61808436
0.54771688
0.82032395
0.98080664
0.99911709
0.99994525
0.99998198
0.99993557
0.99853775
0.94225355
0.08265891
-0.86536438
-0.98640310
-0.99796442
-0.99946415
-0.99975070
-0.99982608
-0.99985177
-0.99986465
-0.99987330
-0.99987849
-0.99988015
-0.99987908
-0.99987635
-0.99987286
-0.99986925
-0.99986621
-0.99986472
-0.99986558
-0.99986848
-0.99987139
-0.99987056
-0.99985613
-0.99978496
-0.99930150
-0.98845991
0.10789539
0.99948280
0.99999995
1.00000000
1.00000000
1.00000000
1.00000000
0.99999989
0.99999677
0.99999513
0.99999948
0.99999999
1.00000000
1.00000000
1.00000000
1.00000000
1.00000000
0.99999998
0.99999970
0.99999970
0.99999994
0.99999998
0.99999999
0.99999998
0.99999997
0.99999995
0.99999982
0.99999915
0.99999621
0.99998832
0.99997765
0.99997973
0.99999283
0.99999831
0.99999917
0.99999815
0.99998307
0.99962982
0.98853071
0.75644205
-0.05245738
-0.25137420
0.16757716
0.48843477
0.17248091
-0.75727955
-0.98546513
-0.99868137
-0.99967962
-0.99982573
-0.99985417
-0.99985557
-0.99984297
-0.99978978
-0.99953041
-0.99734468
-0.94872282
0.28250368
0.99245952
0.99994813
0.99999909
0.99999991
0.99999993
0.99999965
0.99999556
0.99996339
0.99994820
0.99999400
0.99999993
1.00000000
1.00000000
1.00000000
1.00000000
1.00000000
1.00000000
1.00000000
0.99999999
0.99999982
0.99999784
0.99998568
0.99993928
0.99977336
0.99908331
0.99614878
0.98541600
0.96009456
0.94791695
0.97802825
0.99660071
0.99959051
0.99991930
0.99997137
0.99999124
0.99999932
0.99999999
1.00000000
1.00000000
1.00000000
1.00000000
1.00000000
1.00000000
1.00000000
1.00000000
1.00000000
1.00000000
1.00000000
1.00000000
1.00000000
1.00000000
1.00000000
1.00000000
1.00000000
1.00000000
1.00000000
1.00000000
1.00000000
1.00000000
1.00000000
0.99999994
0.99999983
0.99999989
0.99999992
0.99999981
0.99999833
0.99995648
0.99700661
0.68091685
-0.89743705
-0.99648666
-0.99951994
-0.99980435
-0.99985702
-0.99986879
-0.99987144
-0.99987197
-0.99987092
-0.99986802
-0.99986306
-0.99985469
-0.99983791
-0.99980194
-0.99972720
-0.99958340
-0.99934472
-0.99902583
-0.99859791
-0.99754142
-0.99290683
-0.96698442
-0.86362969
-0.76810897
-0.87289843
-0.96759936
-0.98998089
-0.99147735
-0.97706077
-0.87850107
-0.40684060
0.40111076
0.81420021
0.92678082
0.95052569
0.93853781
0.86410553
0.60479400
0.28974360
0.60164872
0.97628715
0.99976393
0.99999767
0.99999990
0.99999997
0.99999993
0.99999943
0.99998799
0.99960016
0.99187237
0.96991919
0.99025108
0.99961054
0.99999244
0.99999975
0.99999998
1.00000000
1.00000000
1.00000000
1.00000000
1.00000000
1.00000000
1.00000000
1.00000000
0.99999978
0.99998360
0.99976383
0.99924485
0.99871811
0.99770636
0.99490401
0.98675236
0.95865808
0.82979118
0.22994328
-0.70361682
-0.96035394
-0.99185052
-0.99615019
-0.99611612
-0.99366639
-0.98531424
-0.94751013
-0.72853582
0.05800391
0.72938485
0.90786977
0.94950464
0.97012304
0.99024170
0.99874723
0.99990148
0.99998621
0.99999101
0.99997077
0.99981678
0.99930824
0.99879650
0.99758698
0.98226902
0.54989076
-0.87581912
-0.99463877
-0.99923427
-0.99969960
-0.99979924
-0.99983522
-0.99985320
-0.99986157
-0.99986157
-0.99984600
-0.99977637
-0.99943235
-0.99658967
-0.94937870
-0.18049362
0.88482811
0.98845266
0.99651478
0.99704071
0.99551479
0.99279723
0.99111876
0.99242483
0.99609461
0.99909018
0.99991316
0.99999418
0.99999925
0.99999959
0.99999906
0.99999628
0.99999550
0.99999968
1.00000000
1.00000000
1.00000000
1.00000000
1.00000000
1.00000000
0.99999976
0.99974007
0.95350310
0.32440581
-0.14922306
0.32920624
0.93519141
0.99866251
0.99998035
0.99999938
0.99999990
0.99999989
0.99999972
0.99999970
0.99999997
1.00000000
1.00000000
1.00000000
1.00000000
1.00000000
1.00000000
1.00000000
1.00000000
1.00000000
1.00000000
1.00000000
1.00000000
1.00000000
0.99999997
0.99998870
0.99098883
-0.28835281
-0.98524271
-0.99870925
-0.99954320
-0.99965977
-0.99968467
-0.99972182
-0.99977462
-0.99981804
-0.99983919
-0.99983256
-0.99977891
-0.99960136
-0.99900838
-0.99702807
-0.99154532
-0.97953699
-0.94833692
-0.81934845
-0.30728751
0.42474078
0.72401995
0.78365942
0.77558795
0.78353768
0.88102640
0.98391263
0.99972710
0.99999914
1.00000000
1.00000000
1.00000000
1.00000000
1.00000000
0.99999999
0.99999999
1.00000000
1.00000000
1.00000000
1.00000000
1.00000000
1.00000000
1.00000000
1.00000000
1.00000000
1.00000000
1.00000000
1.00000000
1.00000000
0.99999999
0.99999930
0.99999429
0.99999173
0.99999634
0.99999945
0.99999997
1.00000000
1.00000000
1.00000000
1.00000000
1.00000000
1.00000000
1.00000000
1.00000000
1.00000000
0.99999943
0.99991166
0.99945105
0.99985739
0.99999627
0.99999995
1.00000000
1.00000000
0.99999999
0.99999971
0.99999449
0.99995170
0.99985173
0.99990847
0.99999226
0.99999982
0.99999999
1.00000000
1.00000000
1.00000000
1.00000000
1.00000000
1.00000000
1.00000000
1.00000000
1.00000000
0.99999992
0.99984755
0.93056178
-0.09815512
-0.52736852
-0.34415565
-0.15407257
-0.46028838
-0.89192366
-0.98931635
-0.99862764
-0.99964105
-0.99981672
-0.99985833
-0.99986865
-0.99987131
-0.99987201
-0.99987121
-0.99986913
-0.99986696
-0.99986550
-0.99986427
-0.99986258
-0.99986071
-0.99985963
-0.99985985
-0.99986083
-0.99986140
-0.99986050
-0.99985782
-0.99985419
-0.99985176
-0.99985285
-0.99985764
-0.99986355
-0.99986767
-0.99986904
-0.99986888
-0.99986928
-0.99987154
-0.99987545
-0.99987962
-0.99988226
-0.99988217
-0.99987947
-0.99987540
-0.99987150
-0.99986893
-0.99986828
-0.99986904
-0.99986879
-0.99986342
-0.99984784
-0.99981779
-0.99977592
-0.99973829
-0.99971687
-0.99967459
-0.99945266
-0.99804140
-0.98202717
-0.69527445
0.62303118
0.96868243
0.99461260
0.99763915
0.99746673
0.99299396
0.95499837
0.62220442
-0.38754962
-0.89228284
-0.98171082
-0.99575339
-0.99807656
-0.99761684
-0.99132449
-0.93864505
-0.65779394
-0.27223341
-0.30079665
-0.62382858
-0.86610867
-0.95692053
-0.98426657
-0.99282668
-0.99578768
-0.99669176
-0.99621154
-0.99244119
-0.96530328
-0.62424384
0.71802879
0.98430251
0.99788332
0.99938532
0.99987358
0.99999285
0.99999989
1.00000000
1.00000000
1.00000000
1.00000000
1.00000000
1.00000000
1.00000000
1.00000000
1.00000000
1.00000000
1.00000000
1.00000000
0.99999978
0.99999502
0.99998511
0.99999201
0.99999808
0.99999933
0.99999894
0.99998447
0.99828539
0.64919040
-0.92541200
-0.99680387
-0.99935128
-0.99962111
-0.99962551
-0.99953377
-0.99926848
-0.99805688
-0.98633011
-0.71015457
0.83873047
0.99795917
0.99995207
0.99999567
0.99999854
0.99999893
0.99999864
0.99999403
0.99979009
0.95750219
-0.69775606
-0.99490063
-0.99955585
-0.99984993
-0.99989876
-0.99990920
-0.99989658
-0.99980503
-0.99902753
-0.98168373
-0.32466382
0.92264348
0.99079017
0.98447477
0.75411634
-0.74905660
-0.99086377
-0.99882214
-0.99916439
-0.99621593
-0.86352992
0.93475023
0.99997222
0.99999999
1.00000000
1.00000000
0.99999990
0.99978924
0.89750377
-0.14055767
-0.14163890
0.86025301
0.99922271
0.99999908
1.00000000
1.00000000
1.00000000
1.00000000
1.00000000
1.00000000
1.00000000
0.99999820
0.99766500
0.21781193
-0.95357216
-0.98769591
-0.94642840
0.07926882
0.98683270
0.99982042
0.99997875
0.99995733
0.99931101
0.98312192
0.86774909
0.80838903
0.93198907
0.99132167
0.99931510
0.99992857
0.99997392
0.99993950
0.99939787
0.99162826
0.93650800
0.76929468
0.36439571
-0.43556486
-0.90173066
-0.97989651
-0.98458881
-0.90874305
0.42171436
0.99433512
0.99989904
0.99998206
0.99998258
0.99998991
0.99999953
1.00000000
1.00000000
1.00000000
1.00000000
1.00000000
1.00000000
1.00000000
0.99999999
0.99999971
0.99999566
0.99998741
0.99999476
0.99999959
0.99999998
0.99999999
0.99999995
0.99999696
0.99984112
0.99816017
0.99324341
0.96964952
0.65408236
-0.73126098
-0.98838114
-0.99889531
-0.99969625
-0.99982030
-0.99984281
-0.99984251
-0.99984008
-0.99984085
-0.99984388
-0.99984737
-0.99985081
-0.99985386
-0.99985418
-0.99984084
-0.99976362
-0.99921969
-0.98797457
-0.11060861
0.99721153
0.99999832
1.00000000
1.00000000
1.00000000
1.00000000
1.00000000
1.00000000
0.99999999
0.99999957
0.99999703
