0.32886854
0.27588464
0.18513433
0.08567329
0.00158318
-0.07162521
-0.15991692
-0.27330920
-0.38507350
-0.45338997
-0.45560675
-0.40203139
-0.32871916
-0.28026046
-0.28960020
-0.35912294
-0.44732001
-0.47657663
-0.37738190
-0.14512588
0.14634346
0.39461334
0.53311507
0.55009076
0.46266695
0.29601440
0.09197828
-0.08502703
-0.17616135
-0.16864820
-0.10756699
-0.06814287
-0.10732849
-0.22540364
-0.36664390
-0.45167372
-0.40810452
-0.19315156
0.17879243
0.62930603
1.00000000
1.00000000
1.00000000
1.00000000
1.00000000
1.00000000
1.00000000
1.00000000
1.00000000
1.00000000
1.00000000
1.00000000
1.00000000
1.00000000
1.00000000
1.00000000
1.00000000
1.00000000
1.00000000
1.00000000
1.00000000
1.00000000
1.00000000
0.85755111
0.66011289
0.51403613
0.41205577
0.29648804
0.10841803
-0.14656153
-0.39500357
-0.56278270
-0.63238430
-0.63769030
-0.62396660
-0.61751312
-0.62055470
-0.62412653
-0.61667130
-0.58070847
-0.49819109
-0.37238994
-0.23700743
-0.13537469
-0.09669884
-0.12958133
-0.21213170
-0.28337024
-0.27936351
-0.19660131
-0.09901978
-0.05404096
-0.07505162
-0.12394931
-0.14948480
-0.12263935
-0.05315181
0.02136526
0.07248006
0.10406021
0.12417217
0.10806008
0.01827772
-0.14080045
-0.30731696
-0.39603003
-0.34213034
-0.14466607
0.10287330
0.24960250
0.19868905
-0.01013387
-0.23799099
-0.36639475
-0.37706860
-0.33179054
-0.30403969
-0.33495269
-0.42693637
-0.55554331
-0.68689953
-0.79255546
-0.85534832
-0.86839323
-0.83087502
-0.74542082
-0.61989656
-0.46676473
-0.29106344
-0.07982051
0.18212181
0.47920848
0.76197643
0.98450474
1.00000000
1.00000000
1.00000000
1.00000000
1.00000000
1.00000000
1.00000000
1.00000000
1.00000000
1.00000000
1.00000000
1.00000000
1.00000000
0.84370529
0.43743199
0.00534625
-0.35867562
-0.60994276
-0.75845555
-0.83408654
-0.86099834
-0.84980066
-0.80151506
-0.72395115
-0.64334338
-0.58752864
-0.56039357
-0.54716891
-0.54460637
-0.57055140
-0.63662302
-0.72278612
-0.79391472
-0.83791772
-0.87243502
-0.91424408
-0.95172765
-0.95024628
-0.88364730
-0.76624589
-0.65561385
-0.61458763
-0.66118741
-0.75440454
-0.83357127
-0.87231353
-0.88910409
-0.90878143
-0.92734424
-0.91681979
-0.85649152
-0.76011909
-0.67672653
-0.65669348
-0.70712766
-0.78502482
-0.83725390
-0.84096552
-0.80662576
-0.75727711
-0.71199132
-0.67973279
-0.65462818
-0.61357416
-0.53076739
-0.40886703
-0.28948017
-0.21416765
-0.17732122
-0.13810826
-0.08221711
-0.05162113
-0.10240429
-0.24317093
-0.42029720
-0.55197922
-0.56856803
-0.43442002
-0.15587953
0.21951867
0.62025392
0.98069504
1.00000000
1.00000000
1.00000000
1.00000000
1.00000000
1.00000000
1.00000000
1.00000000
1.00000000
1.00000000
1.00000000
0.90661311
0.51318630
0.09558156
-0.26748076
-0.52292231
-0.66231647
-0.70961678
-0.69242108
-0.63213707
-0.55958692
-0.51711376
-0.52973166
-0.58278800
-0.63910609
-0.67118787
-0.66850447
-0.62955404
-0.56406241
-0.48973206
-0.41358706
-0.33358080
-0.26567126
-0.24404873
-0.28076046
-0.34670776
-0.41069378
-0.48102873
-0.58151127
-0.69295438
-0.74693866
-0.68296378
-0.50289679
-0.27807345
-0.10985097
-0.06816442
-0.14712949
-0.27565169
-0.37639440
-0.42188269
-0.44446627
-0.49589088
-0.59251192
-0.69738410
-0.75695881
-0.74697770
-0.67693723
-0.56664915
-0.43669114
-0.30968383
-0.20159589
-0.11797326
-0.06241273
-0.03408001
-0.01763779
0.00149051
0.01079149
-0.01975823
-0.09835874
-0.19344493
-0.25496786
-0.24902870
-0.18779984
-0.14086955
-0.19594949
-0.37787110
-0.61294207
-0.78986315
-0.84976104
-0.81669638
-0.75965955
-0.73314864
-0.74454950
-0.76737015
-0.77457586
-0.75299686
-0.69550656
-0.59780114
-0.47061108
-0.35156930
-0.29449741
-0.33456771
-0.45588921
-0.59671292
-0.68998195
-0.70086748
-0.63408974
-0.52118843
-0.40699124
-0.33886792
-0.34951909
-0.43493634
-0.55551531
-0.67189057
-0.77365102
-0.86243684
-0.91884868
-0.90822625
-0.82285382
-0.70575924
-0.62375300
-0.61895724
-0.68335665
-0.76859848
-0.81416194
-0.78072973
-0.67624672
-0.54950969
-0.44218668
-0.34424874
-0.20799056
-0.00555081
0.23850522
0.47163380
0.65777748
0.79156247
0.88137681
0.93645840
0.97000819
0.99950653
1.00000000
1.00000000
1.00000000
1.00000000
1.00000000
1.00000000
1.00000000
1.00000000
1.00000000
0.85574093
0.54803642
0.17975819
-0.18876276
-0.49023007
-0.67543190
-0.73583115
-0.70180696
-0.61464570
-0.50593171
-0.40824913
-0.36789497
-0.41677721
-0.52769990
-0.62596269
-0.65959018
-0.63881520
-0.59746964
-0.54391635
-0.46975225
-0.38606892
-0.32782347
-0.32617285
-0.38135575
-0.45717757
-0.50104900
-0.47586526
-0.38330722
-0.26760433
-0.19373334
-0.20583973
-0.30381820
-0.45726882
-0.62207435
-0.74142690
-0.76108698
-0.66609457
-0.50153562
-0.34993079
-0.27811674
-0.29645659
-0.36443042
-0.43187375
-0.47300582
-0.48974726
-0.49685384
-0.50790823
-0.52781116
-0.54692799
-0.53753166
-0.46507560
-0.31477918
-0.10855850
0.10541865
0.27807334
0.37945056
0.40459900
0.36621771
0.27889323
0.14947955
-0.01471045
-0.19366109
-0.36306580
-0.51181373
-0.63606232
-0.71889467
-0.73371523
-0.67425539
-0.57410610
-0.48173514
-0.41071689
-0.32812081
-0.20165902
-0.04993153
0.05434184
0.03057584
-0.14162179
-0.39180679
-0.61267906
-0.74860232
-0.82096536
-0.87517536
-0.92392496
-0.94318470
-0.90548331
-0.80551958
-0.66036066
-0.49760168
-0.34776904
-0.23882793
-0.18483513
-0.17694732
-0.19037024
-0.20485373
-0.21997657
-0.25278087
-0.31986659
-0.41253945
-0.48543363
-0.48183993
-0.38205439
-0.22704392
-0.09494726
-0.04831257
-0.08939510
-0.16218418
-0.20335089
-0.18947655
-0.13520158
-0.06565073
-0.00202832
0.03607924
0.02572555
-0.05619632
-0.21072801
-0.38959379
-0.50420294
-0.48529667
-0.34643211
-0.18503196
-0.10912538
-0.15556370
-0.27463263
-0.37702411
-0.38939412
-0.29570083
-0.15813398
-0.08786053
-0.16068141
-0.35070448
-0.55677947
-0.68432887
-0.68355093
-0.53392053
-0.24321110
0.12961778
0.48852917
0.76172437
0.94268374
1.00000000
1.00000000
1.00000000
1.00000000
1.00000000
1.00000000
1.00000000
0.84031146
0.47579422
0.03111910
-0.39609068
-0.72178242
-0.91831895
-1.00000000
-0.99279113
-0.92657678
-0.83621559
-0.75243834
-0.68833336
-0.63324876
-0.56118550
-0.45442438
-0.32610525
-0.21726985
-0.16416978
-0.16565894
-0.18557211
-0.18949609
-0.17602369
-0.16679121
-0.17035271
-0.16882731
-0.14465005
-0.11097993
-0.10526100
-0.14848375
-0.21512539
-0.25309434
-0.23727582
-0.19312125
-0.16225133
-0.15912808
-0.16933283
-0.17012014
-0.14078378
-0.07655537
-0.00877244
0.00863164
-0.05445122
-0.17886300
-0.31094634
-0.39322903
-0.39996787
-0.35950943
-0.33377689
-0.36433989
-0.43854767
-0.50749234
-0.53680974
-0.54333432
-0.58004873
-0.67936797
-0.81472193
-0.92385221
-0.96718624
-0.95787969
-0.93803212
-0.93106966
-0.91458548
-0.83730130
-0.66843686
-0.43630820
-0.21801555
-0.08939217
-0.08021666
-0.16497446
-0.28710899
-0.39685096
-0.47318404
-0.51457081
-0.52069787
-0.48781108
-0.41223011
-0.29864864
-0.17795595
-0.11206475
-0.15399966
-0.29752377
-0.48360046
-0.65377794
-0.77888481
-0.84528156
-0.84139830
-0.76489201
-0.62727836
-0.44424226
-0.22989254
-0.00212348
0.21507280
0.39740936
0.52509381
0.58296290
0.56173149
0.46294764
0.30313477
0.10889416
-0.09591049
-0.29655887
-0.47711768
-0.60930614
-0.66658756
-0.65141645
-0.59495825
-0.52813959
-0.46842181
-0.43329336
-0.43916866
-0.47449914
-0.49069321
-0.43602828
-0.29983701
-0.12585045
0.01892683
0.09736607
0.12526773
0.13636551
0.13995937
0.12760557
0.09838713
0.05691568
0.00035209
-0.08048596
-0.19237913
-0.32986322
-0.46539500
-0.55262549
-0.55349143
-0.46871996
-0.33601054
-0.20064219
-0.09714995
-0.05235621
-0.08331809
-0.18500353
-0.32949294
-0.47765721
-0.59266762
-0.65916495
-0.69277172
-0.71021501
-0.68566914
-0.56021119
-0.31161078
-0.01296797
0.18714172
0.16249175
-0.08679474
-0.41827655
-0.64244079
-0.65103332
-0.48064524
-0.27536892
-0.17893996
-0.23396814
-0.37145317
-0.49285062
-0.54813855
-0.53614835
-0.46163074
-0.31683945
-0.09874178
0.16755638
0.42285286
0.59499766
0.63693811
0.54604505
0.35097561
0.09695399
-0.15583115
-0.35002332
-0.46599458
-0.52320191
-0.54302212
-0.53431728
-0.51826600
-0.53288743
-0.59513673
-0.67771227
-0.73603915
-0.74682696
-0.71751523
-0.67225271
-0.63489450
-0.61698096
-0.61439975
-0.61701494
-0.62076007
-0.62649603
-0.63080291
-0.62611865
-0.61353582
-0.61048286
-0.63562994
-0.68452272
-0.73115991
-0.75625548
-0.75929319
-0.74046615
-0.69469171
-0.63582349
-0.60385274
-0.62912898
-0.69912312
-0.77076436
-0.80568298
-0.78418838
-0.69916395
-0.55961861
-0.39916470
-0.25773661
-0.14829309
-0.05898060
0.01131415
0.04115257
0.01161523
-0.07128149
-0.17212139
-0.23359741
-0.20953963
-0.11336385
-0.01917548
0.00375433
-0.05526772
-0.16352596
-0.28650467
-0.40223991
-0.49323296
-0.53575940
-0.50477710
-0.40660875
-0.30384266
-0.27818799
-0.35556992
-0.48191411
-0.57879057
-0.61128829
-0.60197350
-0.59828321
-0.63341904
-0.70044310
-0.75481642
-0.75355245
-0.69728287
-0.62516670
-0.57013344
-0.53240175
-0.50052010
-0.48245669
-0.49967824
-0.55123938
-0.59330150
-0.55338423
-0.36452650
-0.00457071
0.47603941
0.96497919
1.00000000
1.00000000
1.00000000
1.00000000
1.00000000
1.00000000
1.00000000
1.00000000
1.00000000
1.00000000
1.00000000
1.00000000
1.00000000
1.00000000
1.00000000
1.00000000
1.00000000
1.00000000
1.00000000
1.00000000
1.00000000
1.00000000
1.00000000
1.00000000
1.00000000
1.00000000
1.00000000
1.00000000
1.00000000
1.00000000
1.00000000
1.00000000
1.00000000
1.00000000
1.00000000
1.00000000
1.00000000
1.00000000
1.00000000
1.00000000
1.00000000
1.00000000
1.00000000
1.00000000
0.92047609
0.77413707
0.64718959
0.53712749
0.42211850
0.28502520
0.13670744
0.00687480
-0.08608127
-0.14396586
-0.17306344
-0.17961386
-0.18233529
-0.21281237
-0.29458325
-0.42125895
-0.55444392
-0.64638285
-0.67302906
-0.64761624
-0.60069849
-0.55162779
-0.50445976
-0.46345090
-0.44026825
-0.44770931
-0.49132062
-0.56319783
-0.64133356
-0.70249543
-0.74113267
-0.77388658
-0.82301007
-0.89450682
-0.97136078
-1.00000000
-1.00000000
-0.91461126
-0.70223866
-0.41716694
-0.15131385
0.00738312
0.03179558
-0.04949517
-0.19535581
-0.37691393
-0.57122421
-0.74889790
-0.87941503
-0.95092008
-0.97351004
-0.95111670
-0.85894269
-0.67218918
-0.41587262
-0.15988584
0.04288765
0.19495578
0.33462270
0.49963489
0.68787574
0.80899451
0.70118363
0.26416303
-0.42002810
-1.00000000
-1.00000000
-1.00000000
-1.00000000
-1.00000000
-1.00000000
-1.00000000
-1.00000000
-1.00000000
-1.00000000
-1.00000000
-0.91798892
-0.58526149
-0.34534925
-0.19734000
-0.10931769
-0.08040825
-0.16241335
-0.40056437
-0.76969010
-1.00000000
-1.00000000
-1.00000000
-1.00000000
-1.00000000
-1.00000000
-1.00000000
-0.96160923
-0.46032641
-0.25006803
-0.31777540
-0.46539828
-0.52347809
-0.52168910
-0.64373249
-1.00000000
-1.00000000
-1.00000000
-1.00000000
-1.00000000
-1.00000000
-1.00000000
-1.00000000
-1.00000000
-1.00000000
-1.00000000
-1.00000000
-1.00000000
-1.00000000
-1.00000000
-1.00000000
-1.00000000
-1.00000000
-1.00000000
-1.00000000
-1.00000000
-1.00000000
-1.00000000
-1.00000000
-1.00000000
-1.00000000
-1.00000000
-1.00000000
-1.00000000
-1.00000000
-1.00000000
-1.00000000
-1.00000000
-1.00000000
-1.00000000
-1.00000000
-1.00000000
-1.00000000
-1.00000000
-1.00000000
-1.00000000
-1.00000000
-1.00000000
-1.00000000
-1.00000000
-0.88420303
-0.55206123
-0.33220430
-0.32057977
-0.49700345
-0.74055775
-0.93006716
-1.00000000
-1.00000000
-0.91389547
-0.73267848
-0.48700800
-0.24591997
-0.09006960
-0.06228424
-0.15548840
-0.32962735
-0.53377674
-0.72777838
-0.89749637
-1.00000000
-1.00000000
-1.00000000
-1.00000000
-1.00000000
-1.00000000
-1.00000000
-0.87202610
-0.49845761
-0.20294631
-0.00397247
0.12565708
0.20745771
0.22597339
0.15081335
-0.00887368
-0.18534238
-0.30052606
-0.32750524
-0.29733869
-0.26089240
-0.25703553
-0.30381770
-0.39735544
-0.51573903
-0.63252495
-0.73102908
-0.80646800
-0.85630509
-0.86608181
-0.80590820
-0.65365822
-0.43229747
-0.21858808
-0.09860953
-0.10410593
-0.19294640
-0.28983029
-0.33800756
-0.31543741
-0.22592509
-0.09864712
0.01305814
0.06248342
0.04134308
-0.03350290
-0.14791831
-0.27957884
-0.37604259
-0.38330149
-0.30166976
-0.18702180
-0.09356449
-0.03725406
-0.01161264
