-0.02475453
0.00046653
-0.00408043
-0.08090876
-0.21222468
-0.34403829
-0.43631944
-0.47916380
-0.48130032
-0.46099044
-0.43889172
-0.42329007
-0.40228009
-0.35388400
-0.26344551
-0.14128258
-0.03587964
-0.01746694
-0.12294491
-0.31656007
-0.51695372
-0.65844772
-0.72238795
-0.72617004
-0.69660896
-0.65002477
-0.58890616
-0.51298427
-0.42784769
-0.33409473
-0.21253268
-0.03277577
0.21219936
0.47258016
0.64147471
0.61045380
0.35661694
-0.02558045
-0.39397840
-0.65538094
-0.79603284
-0.84955052
-0.85869202
-0.85665839
-0.86114319
-0.87422936
-0.88863183
-0.89584845
-0.89072190
-0.87036577
-0.83451722
-0.79190632
-0.76335013
-0.76945799
-0.81226270
-0.87355559
-0.93193965
-0.97593023
-1.00000000
-0.99693862
-0.96285990
-0.90714744
-0.84808205
-0.79517824
-0.74090499
-0.67292874
-0.59182390
-0.51341700
-0.45454451
-0.42001407
-0.40342334
-0.39637564
-0.39553987
-0.40316644
-0.42134948
-0.44566661
-0.46605325
-0.47621987
-0.48294057
-0.50380306
-0.55045989
-0.61110070
-0.65188532
-0.63741267
-0.55249876
-0.41306171
-0.26192604
-0.14733306
-0.09423449
-0.08796360
-0.07988792
-0.01521529
0.13215966
0.34070085
0.54306955
0.64721046
0.58807560
0.38556251
0.14061568
-0.03569254
-0.08231838
0.00373065
0.18251998
0.38841588
0.55835692
0.65674362
0.67106283
0.60198054
0.48644235
0.41711715
0.48967749
0.70062860
0.90877318
0.92854862
0.68214878
0.26210246
-0.15506920
-0.44259324
-0.57548411
-0.59475610
-0.55774543
-0.51286764
-0.48850119
-0.48989630
-0.50770810
-0.53043259
-0.54931753
-0.55890212
-0.56194025
-0.57225797
-0.60511844
-0.66314311
-0.73336584
-0.79636155
-0.83677064
-0.84844935
-0.83399042
-0.80190778
-0.76444314
-0.73519735
-0.72432955
-0.73387927
-0.75811089
-0.78846475
-0.81664371
-0.83234958
-0.82049188
-0.76407708
-0.65392022
-0.49947237
-0.32939593
-0.17564465
-0.05214562
0.04740761
0.12678910
0.16811424
0.14395893
0.04603929
-0.10396573
-0.26751593
-0.40650964
-0.49453295
-0.52495421
-0.51212856
-0.48053788
-0.44862351
-0.41938041
-0.38154020
-0.32007549
-0.23388904
-0.14844897
-0.10289213
-0.11321976
-0.14984816
-0.16213552
-0.12925824
-0.08194802
-0.06844115
-0.10234170
-0.15515152
-0.19795481
-0.23098829
-0.26541758
-0.29029171
-0.27004641
-0.17881367
-0.04025728
0.07114528
0.08283847
-0.01597597
-0.17245653
-0.32252521
-0.43422764
-0.50645897
-0.54254916
-0.53275551
-0.46197806
-0.33233362
-0.16574504
0.02930575
0.27243088
0.55068578
0.75632378
0.75689003
0.55324578
0.30934706
0.18822583
0.19538696
0.20946455
0.12791027
-0.05433198
-0.28127966
-0.49706936
-0.66746070
-0.77805396
-0.83316877
-0.85088844
-0.84998906
-0.83862377
-0.81490105
-0.77742200
-0.73510451
-0.70466845
-0.69818776
-0.71380419
-0.73597619
-0.74250944
-0.71584822
-0.65401158
-0.57120779
-0.48492121
-0.40363131
-0.33033375
-0.27286668
-0.23812118
-0.21580425
-0.18433686
-0.13966826
-0.10267547
-0.08997831
-0.09360510
-0.09817908
-0.10182057
-0.10824885
-0.10981433
-0.09377248
-0.06553635
-0.05635605
-0.10069407
-0.20326398
-0.32793281
-0.42020944
-0.44064773
-0.38032013
-0.25453864
-0.09238558
0.07200183
0.21355921
0.32685243
0.41453622
0.46334683
0.44360819
0.33967745
0.17658228
0.01487745
-0.08340625
-0.09344570
-0.03511568
0.06531045
0.21940994
0.46946124
0.82272637
1.00000000
1.00000000
1.00000000
1.00000000
0.74180286
0.41669337
0.21509606
0.12738367
0.09555492
0.05952204
0.00095275
-0.03006448
0.07167673
0.40029171
0.93457480
1.00000000
1.00000000
1.00000000
1.00000000
0.54800445
0.15519487
-0.03560036
-0.08817421
-0.09581673
-0.12298831
-0.18262102
-0.24810509
-0.28270055
-0.25462602
-0.13353617
0.09486556
0.38020154
0.58862622
0.58608053
0.36108936
0.03949819
-0.22915609
-0.37875481
-0.43159385
-0.43809205
-0.42884057
-0.40735761
-0.36133766
-0.26654461
-0.09119454
0.17448891
0.48145987
0.73519023
0.87053503
0.91100159
0.93304418
0.97631443
1.00000000
1.00000000
1.00000000
1.00000000
1.00000000
1.00000000
1.00000000
0.93955790
0.26794025
-0.17805445
-0.39368344
-0.48371022
-0.54205129
-0.60561493
-0.66828849
-0.71480419
-0.74419243
-0.76634158
-0.78748616
-0.80281416
-0.80068908
-0.77262404
-0.72167396
-0.66180100
-0.60738075
-0.56340824
-0.52637073
-0.49491982
-0.47893562
-0.49315993
-0.53713942
-0.58357846
-0.59258816
-0.54243198
-0.44855745
-0.35024760
-0.27607193
-0.22418895
-0.17919951
-0.14432139
-0.14379125
-0.18556679
-0.23372223
-0.23589800
-0.17160744
-0.06022225
0.06164207
0.14834763
0.15240773
0.05951612
-0.08828774
-0.22558651
-0.31436827
-0.35270295
-0.34953508
-0.30307394
-0.19867785
-0.02637972
0.19605352
0.43340319
0.67096381
0.90697349
1.00000000
1.00000000
1.00000000
0.80111888
0.61694414
0.51072496
0.44913215
0.37575156
0.26425893
0.13141616
0.00742341
-0.09728475
-0.18844409
-0.26381913
-0.31277291
-0.33436907
-0.34125329
-0.34679707
-0.35656829
-0.37214048
-0.39566953
-0.42681161
-0.45881162
-0.48286074
-0.49807285
-0.51402466
-0.53963537
-0.56939950
-0.58587990
-0.57744387
-0.54618810
-0.49107955
-0.39098982
-0.22205450
0.00075609
0.21212183
0.34411294
0.38216400
0.35552884
0.27829734
0.13178719
-0.08640571
-0.32403869
-0.50080626
-0.56176422
-0.50226494
-0.35784341
-0.17491128
0.02073242
0.23544602
0.48092026
0.72589472
0.88397686
0.87861522
0.72578901
0.52454788
0.36155834
0.25269732
0.17251880
0.09863328
0.01507348
-0.09415056
-0.22798432
-0.35152780
-0.41130531
-0.36708383
-0.21159691
0.02343963
0.26644716
0.42545946
0.43596015
0.30130837
0.08602897
-0.12799403
-0.28239101
-0.35265619
-0.33494976
-0.23511166
-0.07446105
0.10965573
0.28760924
0.46492808
0.66812220
0.89173108
1.00000000
1.00000000
0.97870345
0.74293152
0.52746410
0.44556693
0.50999418
0.60731009
0.59232063
0.42784696
0.21251596
0.07179386
0.04090838
0.05355331
0.02192155
-0.08382451
-0.22620966
-0.34784842
-0.41851087
-0.44781345
-0.46750502
-0.50382862
-0.56116571
-0.62541990
-0.68056649
-0.72258786
-0.75868425
-0.79371582
-0.81984438
-0.82055305
-0.78293514
-0.70710216
-0.60828149
-0.51106547
-0.43742476
-0.39579517
-0.38037202
-0.38153786
-0.39516417
-0.41937216
-0.44473209
-0.45486238
-0.44080018
-0.41337897
-0.39782010
-0.41335443
-0.45778034
-0.51190217
-0.55628403
-0.58123763
-0.58545708
-0.57311713
-0.55295494
-0.53335785
-0.51503249
-0.49322221
-0.46947025
-0.45488862
-0.45729367
-0.47053949
-0.48128371
-0.48319260
-0.47960727
-0.47029756
-0.43874504
-0.35753546
-0.21349379
-0.03340571
0.11657672
0.17025064
0.11320689
-0.00505047
-0.11257871
-0.16296467
-0.14481543
-0.05568818
0.12827814
0.43976167
0.84800160
1.00000000
1.00000000
1.00000000
0.87129825
0.57546576
0.37762247
0.23469326
0.06999956
-0.13013264
-0.30957122
-0.41248960
-0.43626019
-0.41878870
-0.39948190
-0.40004193
-0.42343105
-0.45877755
-0.49042954
-0.50714842
-0.50532361
-0.48733084
-0.45754415
-0.41892300
-0.37493231
-0.33594078
-0.31812084
-0.32781445
-0.34510519
-0.32940023
-0.24831919
-0.10780731
0.04043599
0.12550036
0.10665326
0.00681930
-0.10643942
-0.17856411
-0.20821953
-0.23619256
-0.30187386
-0.40936903
-0.52813451
-0.62073901
-0.67047897
-0.68746684
-0.69271819
-0.69909556
-0.70739544
-0.71575052
-0.72627254
-0.74153848
-0.75777687
-0.76228298
-0.73798490
-0.67102827
-0.55523579
-0.39631044
-0.21741793
-0.05358788
0.07212703
0.17040381
0.28127505
0.44729448
0.67773007
0.91784568
1.00000000
1.00000000
0.87246146
0.68219521
0.53865492
0.43609814
0.33441640
0.19888664
0.01369077
-0.19274819
-0.33770079
-0.33256124
-0.15680739
0.11294661
0.34631150
0.44011465
0.37765113
0.22772379
0.08727801
0.01080286
-0.01534966
-0.03561295
-0.07109701
-0.10877593
-0.13668675
-0.16925999
-0.22411976
-0.28010460
-0.27196372
-0.14030640
0.09728819
0.32697014
0.42615429
0.39636767
0.38317110
0.53037189
0.82580078
1.00000000
1.00000000
1.00000000
0.70586246
0.26636017
-0.12821279
-0.39739460
-0.53315553
-0.57097289
-0.55219711
-0.51269872
-0.48573974
-0.49517700
-0.54204932
-0.60354766
-0.64928881
-0.66044201
-0.63408699
-0.57358692
-0.48246262
-0.37283666
-0.27334612
-0.21703135
-0.21855490
-0.26441271
-0.31703350
-0.32369801
-0.23413503
-0.03515393
0.21362752
0.38883191
0.38287719
0.19360220
-0.07606053
-0.30956536
-0.45151865
-0.50350840
-0.48691189
-0.42469887
-0.33790402
-0.24060135
-0.14126040
-0.05497251
-0.00508138
-0.00554697
-0.04723941
-0.10736875
-0.16533466
-0.20683513
-0.22547952
-0.22751931
-0.22633714
-0.23055465
-0.24667353
-0.28404727
-0.33989066
-0.38495155
-0.37740634
-0.28547241
-0.10086240
0.13991096
0.33914360
0.37954435
0.21836142
-0.06544914
-0.33453459
-0.49635623
-0.53974228
-0.49538836
-0.39224235
-0.25423408
-0.11355517
-0.00198189
0.07264183
0.12740693
0.17791586
0.21864249
0.23528590
0.23054159
0.22494606
0.22871211
0.22777231
0.20902761
0.18735204
0.19950508
0.28232457
0.45509018
0.70063379
0.95324305
1.00000000
1.00000000
0.91756898
0.60432586
0.27730129
0.02149727
-0.13643910
-0.21767504
-0.25748774
-0.27889176
-0.29052885
-0.29934833
-0.31344074
-0.33347355
-0.35538157
-0.38600778
-0.44475423
-0.54250939
-0.66364198
-0.77514497
-0.85157378
-0.88761567
-0.89148498
-0.87515234
-0.85236000
-0.83791058
-0.84120480
-0.86014409
-0.88389064
-0.90145346
-0.90781522
-0.90445938
-0.89625936
-0.88797318
-0.88286278
-0.88255621
-0.88573406
-0.88725481
-0.88175493
-0.86959861
-0.85788678
-0.85395999
-0.85848271
-0.86596737
-0.87058045
-0.86956212
-0.86286357
-0.85274785
-0.84406831
-0.84294588
-0.85305221
-0.87186605
-0.89083565
-0.90030368
-0.89576249
-0.88148406
-0.86864808
-0.86713373
-0.87640960
-0.88399895
-0.87382727
-0.83844261
-0.78643078
-0.73659762
-0.70071627
-0.67410433
-0.64721808
-0.62052377
-0.60090140
-0.59113903
-0.59060888
-0.59711284
-0.59934095
-0.57641090
-0.51706918
-0.43860825
-0.37931578
-0.36866882
-0.40465899
-0.45633941
-0.48525769
-0.46953116
-0.41659395
-0.35662775
-0.32063397
-0.31982977
-0.34026563
-0.35569757
-0.35084188
-0.33644592
-0.33786154
-0.36605409
-0.40501530
-0.42939393
-0.42764319
-0.40702546
-0.38529892
-0.38095882
-0.40285533
-0.44239825
-0.47885478
-0.49582456
-0.49134826
-0.47345897
-0.44720462
-0.39947575
-0.29531993
-0.10673805
0.13694965
0.34144885
0.42224950
0.39687569
0.37955788
0.46243710
0.60290302
0.65046136
0.50556575
0.23703082
0.01757625
-0.04286640
0.01956011
0.08621348
0.07285153
-0.02014931
-0.14957619
-0.29078900
-0.45362470
-0.65471217
-0.88604012
-1.00000000
-1.00000000
-1.00000000
-1.00000000
-1.00000000
-1.00000000
-1.00000000
-1.00000000
-1.00000000
-1.00000000
-1.00000000
-0.79547156
-0.58418266
-0.41861388
-0.30645237
-0.23799372
-0.20350922
-0.20784399
-0.27029402
-0.40777063
-0.61502547
-0.85855265
-1.00000000
-1.00000000
-1.00000000
-1.00000000
-1.00000000
-1.00000000
-1.00000000
-1.00000000
-1.00000000
-1.00000000
-1.00000000
-1.00000000
-1.00000000
-1.00000000
-1.00000000
-1.00000000
-1.00000000
-1.00000000
-1.00000000
-1.00000000
-1.00000000
-1.00000000
-1.00000000
-1.00000000
-1.00000000
-1.00000000
-1.00000000
-1.00000000
-1.00000000
-1.00000000
-1.00000000
-1.00000000
-1.00000000
-1.00000000
-1.00000000
-1.00000000
-1.00000000
-1.00000000
-1.00000000
-1.00000000
-1.00000000
-1.00000000
-1.00000000
-1.00000000
-1.00000000
-1.00000000
-1.00000000
-1.00000000
-1.00000000
-1.00000000
-1.00000000
-1.00000000
-1.00000000
-1.00000000
-1.00000000
-1.00000000
-0.91300171
-0.72275512
-0.53900530
-0.41207176
-0.37985596
-0.43972329
-0.55431285
-0.68544034
-0.81188701
-0.91167850
-0.94033852
-0.84044543
-0.58479394
-0.22595720
0.10208630
0.26674065
0.24377317
0.12655733
0.02014901
-0.05598739
-0.15680455
-0.32890498
-0.55413391
-0.76640169
-0.90711164
-0.95598323
-0.91681080
-0.79600265
-0.60731432
-0.38796309
-0.19747877
-0.09623064
-0.11283758
-0.21827080
-0.33793570
-0.40369837
-0.39807161
-0.35413914
-0.32245728
-0.33276339
-0.36955512
-0.37751456
-0.29643172
-0.10316586
0.16540880
0.41686439
0.53976886
0.47105005
0.24856119
-0.01447107
-0.21786506
-0.33558448
-0.40102032
-0.45389754
-0.50565217
-0.54320207
-0.55409618
-0.54061641
-0.50426290
-0.41783898
-0.23007034
0.07817561
0.43743515
0.71000364
0.78575813
0.65682354
0.40562778
0.14489626
-0.03774136
-0.12058831
-0.15302200
-0.20235184
-0.28889103
-0.38232014
-0.45049424
-0.48802408
-0.50384837
