0.38298207
0.22190423
-0.01243440
-0.21195968
-0.31536229
-0.33259529
-0.32589909
-0.35760578
-0.44325730
-0.55345577
-0.65103577
-0.71091739
-0.71360766
-0.65014830
-0.54713813
-0.46887184
-0.47238767
-0.56104310
-0.68990232
-0.80910687
-0.89369921
-0.94184184
-0.95945898
-0.95111246
-0.92134232
-0.87974802
-0.84158838
-0.82015016
-0.81613886
-0.81126818
-0.77310971
-0.67164523
-0.49750561
-0.27347037
-0.05983737
0.05589289
0.00484079
-0.20444095
-0.48195918
-0.72356028
-0.87786592
-0.95289479
-0.98099971
-0.98913413
-0.99121610
-0.99215548
-0.99298560
-0.99352366
-0.99351384
-0.99325385
-0.99344343
-0.99442028
-0.99581945
-0.99711414
-0.99816218
-0.99906873
-0.99982583
-1.00000000
-0.99837634
-0.99220641
-0.97670791
-0.94546295
-0.89337569
-0.82111979
-0.73449718
-0.63237529
-0.49937897
-0.33151809
-0.17712574
-0.12467256
-0.22417358
-0.43289719
-0.65407873
-0.81527020
-0.89975291
-0.92368984
-0.90503849
-0.85035782
-0.75612888
-0.61420773
-0.41505556
-0.15219055
0.16353135
0.48558380
0.73543416
0.84342990
0.80890630
0.73213675
0.76973898
1.00000000
1.00000000
1.00000000
1.00000000
1.00000000
1.00000000
1.00000000
1.00000000
1.00000000
1.00000000
1.00000000
1.00000000
1.00000000
1.00000000
1.00000000
1.00000000
1.00000000
1.00000000
0.96803078
0.86696525
0.81598494
0.78165314
0.72799034
0.64038816
0.53781790
0.46295740
0.44301757
0.44647735
0.39112597
0.21753789
-0.04827788
-0.31800439
-0.51262857
-0.59842820
-0.57378336
-0.45074532
-0.25783671
-0.05739285
0.05651253
0.00870657
-0.19391249
-0.46369869
-0.70224062
-0.86108765
-0.94469393
-0.97986246
-0.99099110
-0.99260199
-0.99143042
-0.99023227
-0.99000389
-0.99084027
-0.99239777
-0.99418917
-0.99572137
-0.99637473
-0.99419530
-0.98350017
-0.95204061
-0.88355805
-0.77174619
-0.63710840
-0.52227437
-0.46013583
-0.44850142
-0.46050824
-0.47366211
-0.48369935
-0.49710605
-0.52054082
-0.56011401
-0.62199870
-0.70324497
-0.78351361
-0.83509843
-0.84630316
-0.83383002
-0.82947591
-0.85187711
-0.89118219
-0.91893387
-0.90531304
-0.82437728
-0.65429169
-0.39330362
-0.08970309
0.15293605
0.23005948
0.11433038
-0.12507938
-0.38194700
-0.58167467
-0.70102407
-0.75150902
-0.76116885
-0.76042152
-0.76276670
-0.74796518
-0.67232968
-0.51327124
-0.31075393
-0.14795996
-0.07225627
-0.04316467
0.02249141
0.16113988
0.33414722
0.47784827
0.56206825
0.60561022
0.65646352
0.76066916
0.93471891
1.00000000
1.00000000
1.00000000
1.00000000
0.81120981
0.24963275
-0.27068541
-0.63488649
-0.83706932
-0.93166675
-0.97190791
-0.98805350
-0.99378287
-0.99540581
-0.99591752
-0.99620356
-0.99614913
-0.99574085
-0.99531131
-0.99515677
-0.99527749
-0.99550897
-0.99570841
-0.99554748
-0.99393988
-0.98684748
-0.96230494
-0.89398316
-0.74445871
-0.49201577
-0.17202791
0.11457171
0.26149364
0.24297604
0.13374305
0.03676444
-0.00477647
-0.02206624
-0.05975180
-0.11965519
-0.17204497
-0.20218858
-0.21858074
-0.21702918
-0.16526274
-0.03468605
0.16285151
0.37526447
0.53994457
0.61078007
0.56920559
0.43574566
0.28032260
0.19466285
0.23036594
0.36387458
0.51650794
0.60723269
0.61153902
0.58698097
0.62619762
0.77836086
1.00000000
1.00000000
1.00000000
1.00000000
1.00000000
1.00000000
1.00000000
0.91957503
0.92544398
1.00000000
1.00000000
1.00000000
1.00000000
1.00000000
1.00000000
1.00000000
1.00000000
1.00000000
1.00000000
1.00000000
1.00000000
1.00000000
1.00000000
1.00000000
0.70530881
0.44916885
0.25832128
0.05876813
-0.18549104
-0.42707383
-0.57869220
-0.59636034
-0.52023149
-0.43684908
-0.39472324
-0.35872594
-0.25856165
-0.07404818
0.14663733
0.33878657
0.45482033
0.45386874
0.31066903
0.05724839
-0.21364963
-0.40792276
-0.48841793
-0.48280652
-0.45460346
-0.46328798
-0.52822665
-0.61604258
-0.66379392
-0.62363494
-0.49732313
-0.33822361
-0.21995025
-0.19293146
-0.25861413
-0.37594727
-0.48772375
-0.54434479
-0.51322445
-0.38282078
-0.17731244
0.03004070
0.14405349
0.11473380
-0.02435383
-0.19524844
-0.34610993
-0.47601406
-0.60412808
-0.73307460
-0.84490227
-0.92225558
-0.96412757
-0.98245007
-0.99002414
-0.99390968
-0.99627419
-0.99740794
-0.99739002
-0.99641388
-0.99478898
-0.99302595
-0.99173279
-0.99136398
-0.99206481
-0.99360431
-0.99532170
-0.99605048
-0.99388022
-0.98447428
-0.95576909
-0.87938743
-0.70856397
-0.40165529
0.02749944
0.47474925
0.78240276
0.84083290
0.66797741
0.39256171
0.16124212
0.05831656
0.09031612
0.21536736
0.37678659
0.52384088
0.61582606
0.61914276
0.52430081
0.37902388
0.27680945
0.27827975
0.35327777
0.42564957
0.46129430
0.48176809
0.50379589
0.50754704
0.46866952
0.39311745
0.30488307
0.21364188
0.11800441
0.04057085
0.02762106
0.09363694
0.18499874
0.22126353
0.16114527
0.01479097
-0.18481138
-0.39675497
-0.57247846
-0.67123125
-0.68838966
-0.66600344
-0.66543099
-0.71948972
-0.81089271
-0.89839405
-0.95571049
-0.98249529
-0.99074129
-0.99113325
-0.98843713
-0.98028119
-0.95561314
-0.89600374
-0.78626938
-0.63023291
-0.45382854
-0.28611941
-0.13937199
-0.01379675
0.08053011
0.11613269
0.07449427
-0.01418048
-0.06793742
-0.00352167
0.20610845
0.51182936
0.80725689
0.97823623
0.96891121
0.81448881
0.60230130
0.40497963
0.25105312
0.13901953
0.06146077
0.01199652
-0.02674490
-0.08489803
-0.18024459
-0.29792061
-0.40657355
-0.48496923
-0.51906771
-0.48739177
-0.37584141
-0.20906475
-0.04939608
0.04508347
0.06716182
0.07163096
0.13468771
0.29311654
0.52479967
0.78146347
1.00000000
1.00000000
1.00000000
1.00000000
0.94719381
0.82686922
0.78888690
0.87919873
1.00000000
1.00000000
1.00000000
1.00000000
1.00000000
1.00000000
1.00000000
1.00000000
0.90027037
0.74103166
0.56952043
0.36941865
0.18166409
0.07542313
0.07887793
0.14281793
0.18303521
0.15300037
0.06223099
-0.06803735
-0.23745428
-0.44411956
-0.65489018
-0.82257052
-0.92462133
-0.97222909
-0.98968644
-0.99526690
-0.99726673
-0.99785908
-0.99690651
-0.99424728
-0.99013698
-0.98472933
-0.97726094
-0.96594578
-0.94923625
-0.92833192
-0.90813089
-0.89213733
-0.87391804
-0.83765688
-0.77483913
-0.70266431
-0.65957767
-0.67405801
-0.73537999
-0.79741883
-0.80984697
-0.74743230
-0.62020983
-0.46651801
-0.33523624
-0.26508324
-0.26789868
-0.32293173
-0.39310338
-0.45482731
-0.50298953
-0.52264186
-0.48001721
-0.35939763
-0.19267785
-0.03287373
0.09177289
0.18088897
0.23015868
0.21647812
0.12063028
-0.03779167
-0.19097552
-0.25494246
-0.18336417
-0.00393321
0.19795580
0.34442377
0.41534801
0.43437669
0.42742144
0.41566384
0.42939011
0.49883010
0.62402436
0.75159704
0.78664575
0.65943114
0.39981503
0.12553453
-0.05843178
-0.13497551
-0.15287954
-0.16311266
-0.19027254
-0.24185356
-0.32125676
-0.42831489
-0.55345538
-0.67438927
-0.76376566
-0.80559606
-0.80486893
-0.77733874
-0.73032017
-0.65922043
-0.56388305
-0.46095041
-0.37741797
-0.33419499
-0.33001852
-0.33694239
-0.31857945
-0.25602010
-0.15463973
-0.03829635
0.05139061
0.06772811
-0.00360294
-0.12402215
-0.23712740
-0.32467775
-0.41616487
-0.54197425
-0.69096173
-0.82275582
-0.90951576
-0.95375546
-0.97338995
-0.98269624
-0.98744262
-0.98919990
-0.98849438
-0.98373289
-0.96842867
-0.93180347
-0.86615401
-0.77595993
-0.67708693
-0.58438002
-0.50361024
-0.43641072
-0.38484094
-0.34631150
-0.31185700
-0.27784192
-0.25434401
-0.24629344
-0.22635309
-0.14972038
-0.00872915
0.14251043
0.22892529
0.21710172
0.14540491
0.10958788
0.20936530
0.47726619
0.83945819
1.00000000
1.00000000
1.00000000
0.83561615
0.41844677
0.01839968
-0.29095906
-0.48590992
-0.57088625
-0.55835241
-0.46641169
-0.32333400
-0.16704870
-0.03902974
0.02880542
0.03400252
0.01986681
0.06324776
0.22144467
0.47649640
0.74495317
0.96133782
1.00000000
1.00000000
1.00000000
1.00000000
1.00000000
1.00000000
0.93406053
0.82341363
0.76383799
0.67548089
0.48704154
0.18794381
-0.16651720
-0.49311516
-0.73098611
-0.86693846
-0.92551775
-0.94327220
-0.94916365
-0.95733158
-0.96900751
-0.97971698
-0.98513574
-0.98205693
-0.96661571
-0.93454955
-0.88573943
-0.82988939
-0.78472141
-0.76140417
-0.74829052
-0.71607097
-0.64694606
-0.55635066
-0.47938279
-0.43938499
-0.43591089
-0.45657596
-0.48376935
-0.48747288
-0.42670980
-0.27586758
-0.05557307
0.16506419
0.30481573
0.32495519
0.26246511
0.20864822
0.24653964
0.39834369
0.62356429
0.86065589
1.00000000
1.00000000
1.00000000
1.00000000
1.00000000
1.00000000
1.00000000
1.00000000
0.86475137
0.67728503
0.47330495
0.30427507
0.19970045
0.15898002
0.18133208
0.26906618
0.40842889
0.57059203
0.72998266
0.86290514
0.93657196
0.92929685
0.86006736
0.76205791
0.63240996
0.44875452
0.23104611
0.05034780
-0.02448428
0.03123226
0.19456555
0.40377363
0.57292753
0.62997509
0.56221643
0.41866815
0.26108406
0.12421381
0.03034416
0.01198421
0.08632569
0.21601834
0.32713565
0.37270446
0.36916816
0.37737074
0.45542303
0.61937844
0.82927686
0.99865576
1.00000000
0.83807198
0.47558451
0.05732767
-0.28492906
-0.47991788
-0.53194884
-0.50183540
-0.47299725
-0.50642972
-0.60894303
-0.74165728
-0.85799471
-0.93411250
-0.97241978
-0.98736370
-0.99209560
-0.99372204
-0.99450212
-0.99461030
-0.99411941
-0.99354122
-0.99328536
-0.99329685
-0.99333022
-0.99325937
-0.99304347
-0.99271826
-0.99249232
-0.99255497
-0.99274190
-0.99262370
-0.99202758
-0.99134903
-0.99125011
-0.99205085
-0.99339180
-0.99446982
-0.99469130
-0.99420672
-0.99378704
-0.99414144
-0.99535989
-0.99692804
-0.99811385
-0.99838811
-0.99770153
-0.99645130
-0.99519810
-0.99446183
-0.99461198
-0.99550810
-0.99609351
-0.99459603
-0.98963773
-0.98174840
-0.97395724
-0.96963921
-0.96836924
-0.96338060
-0.94350485
-0.89820046
-0.82138457
-0.71157119
-0.57273982
-0.41862885
-0.27438795
-0.17138697
-0.14069576
-0.20232903
-0.34580313
-0.52422554
-0.68174864
-0.78951783
-0.85228111
-0.88585794
-0.89515314
-0.87363026
-0.81974917
-0.75133267
-0.70010926
-0.68731722
-0.70713348
-0.73760365
-0.76312607
-0.78178638
-0.79803470
-0.81546054
-0.83324763
-0.84456393
-0.83911277
-0.80720881
-0.74208414
-0.64544490
-0.53521418
-0.43641244
-0.35136305
-0.24849353
-0.09387001
0.11396865
0.34434795
0.55165665
0.69126236
0.74980353
0.77353994
0.84202461
0.99436297
1.00000000
1.00000000
1.00000000
1.00000000
0.97551246
0.70069069
0.44236609
0.26380448
0.19177103
0.20266405
0.24499712
0.26773100
0.22859234
0.09601152
-0.13208351
-0.40889527
-0.65834902
-0.82514405
-0.90390926
-0.92547868
-0.92525004
-0.92217388
-0.91355356
-0.88024445
-0.79940627
-0.66102737
-0.47890386
-0.28816028
-0.12946806
-0.02482930
0.03395811
0.05872030
0.02678972
-0.10386291
-0.33235881
-0.59279869
-0.80602939
-0.93726356
-0.99944098
-1.00000000
-1.00000000
-1.00000000
-1.00000000
-1.00000000
-1.00000000
-1.00000000
-1.00000000
-1.00000000
-1.00000000
-1.00000000
-1.00000000
-1.00000000
-1.00000000
-1.00000000
-1.00000000
-1.00000000
-1.00000000
-1.00000000
-0.99956107
-0.97677138
-0.95801405
-0.95092731
-0.95719392
-0.97273850
-0.99165900
-1.00000000
-1.00000000
-1.00000000
-1.00000000
-1.00000000
-1.00000000
-1.00000000
-1.00000000
-1.00000000
-1.00000000
-1.00000000
-1.00000000
-1.00000000
-1.00000000
-1.00000000
-1.00000000
-1.00000000
-1.00000000
-1.00000000
-1.00000000
-0.98545071
-0.94063424
-0.89416821
-0.86717903
-0.86995681
-0.89104694
-0.90555736
-0.88539933
-0.79959147
-0.61883959
-0.34037584
-0.01976394
0.22834212
0.28793871
0.12873477
-0.16197013
-0.44529066
-0.62373869
-0.66776082
-0.57975751
-0.36635267
-0.04880958
0.32299950
0.68253485
0.96532872
1.00000000
1.00000000
0.94432064
0.66050035
0.29694496
-0.09667831
-0.45273748
-0.70770515
-0.83031299
-0.81868137
-0.68229228
-0.44456188
-0.16286420
0.06902488
0.15854548
0.07360741
-0.12801072
-0.33407586
-0.45194624
-0.45766611
-0.38661120
-0.28836449
-0.19531239
-0.12560658
-0.09688008
-0.12341562
-0.20018347
-0.29824981
-0.38395745
-0.44600322
-0.50218208
-0.57702329
-0.67115015
-0.75245625
-0.77348488
-0.69925886
-0.53627062
-0.34665222
-0.21507796
-0.17396699
-0.16405059
-0.08011569
0.14872241
0.51444144
0.93153064
1.00000000
1.00000000
1.00000000
1.00000000
0.68902605
0.38215798
0.18572190
0.09664232
0.08526612
0.13226550
0.22527717
0.33245020
0.40452829
0.41742062
0.40083235
