0.99857129
0.99997930
0.99999997
1.00000000
1.00000000
1.00000000
1.00000000
1.00000000
1.00000000
1.00000000
1.00000000
1.00000000
1.00000000
1.00000000
1.00000000
1.00000000
1.00000000
1.00000000
1.00000000
0.99999989
0.99996136
0.99576221
0.97260807
0.99466964
0.99994662
0.99999985
1.00000000
1.00000000
1.00000000
1.00000000
0.99999999
0.99999523
0.99416289
0.36335756
-0.20572304
0.82868145
0.99848775
0.99996691
0.99997903
0.99950075
0.92299085
-0.66188491
-0.98576229
-0.99793660
-0.99935552
-0.99972438
-0.99984921
-0.99988826
-0.99989760
-0.99990693
-0.99990920
-0.99990920
-0.99990920
-0.99990920
-0.99990920
-0.99990920
-0.99990920
-0.99990920
-0.99990920
-0.99990920
-0.99990920
-0.99990920
-0.99986118
-0.99948505
-0.99663209
-0.95372857
-0.11765008
0.95872734
0.99912525
0.99994342
0.99998748
0.99999667
0.99999968
0.99999999
1.00000000
1.00000000
1.00000000
1.00000000
1.00000000
1.00000000
1.00000000
0.99999997
0.99999941
0.99997171
0.99804952
0.87503384
-0.47225183
-0.95243535
-0.98704232
-0.98743316
-0.97014028
-0.90201813
-0.77812782
-0.78531490
-0.91275811
-0.97280548
-0.98412066
-0.97516932
-0.92622810
-0.77946489
-0.57396213
-0.47662226
-0.43110351
-0.06401693
0.78971182
0.99366280
0.99982512
0.99997364
0.99995352
0.99944693
0.98675856
0.78106622
-0.01784779
-0.42420686
0.05711392
0.92240017
0.99884688
0.99997027
0.99999480
0.99999396
0.99998231
0.99993622
0.99970885
0.99796935
0.98350212
0.91613425
0.81622163
0.77378693
0.70281784
0.34707563
-0.49124626
-0.92204120
-0.98812968
-0.99697612
-0.99857165
-0.99890077
-0.99894437
-0.99902443
-0.99924910
-0.99953106
-0.99974255
-0.99985209
-0.99989424
-0.99990056
-0.99988448
-0.99984460
-0.99973884
-0.99922913
-0.99307084
-0.77304586
0.81472535
0.99287924
0.99666961
0.98096161
0.84996255
0.88095584
0.99751748
0.99999602
0.99999999
1.00000000
1.00000000
1.00000000
1.00000000
1.00000000
1.00000000
1.00000000
1.00000000
1.00000000
1.00000000
1.00000000
1.00000000
1.00000000
1.00000000
1.00000000
0.99999996
0.99999758
0.99987111
0.99925974
0.99983598
0.99999701
0.99999997
1.00000000
1.00000000
1.00000000
1.00000000
1.00000000
1.00000000
1.00000000
1.00000000
0.99999917
0.99994656
0.99949500
0.99934764
0.99982469
0.99997985
0.99999754
0.99999927
0.99999920
0.99999674
0.99995835
0.99872180
0.94786088
0.24359195
-0.51300782
-0.42445992
0.41871407
0.94769422
0.99784337
0.99995328
0.99999959
1.00000000
1.00000000
1.00000000
1.00000000
0.99999972
0.99951898
0.54154578
-0.97185346
-0.99898549
-0.99978403
-0.99986497
-0.99987126
-0.99987365
-0.99988746
-0.99990436
-0.99990920
-0.99989600
-0.99979895
-0.99910508
-0.98697999
-0.43953532
0.97737924
0.99995674
0.99999990
1.00000000
1.00000000
0.99999972
0.99929492
0.04583962
-0.99193921
-0.99951837
-0.99976795
-0.99963753
-0.99901591
-0.99650492
-0.98572470
-0.94669783
-0.86735483
-0.76422835
-0.42196837
0.68136992
0.99186061
0.99967811
0.99978510
0.99610933
0.72777196
-0.65267003
-0.88261110
-0.83483255
-0.74183110
-0.78893043
-0.88108691
-0.88937339
-0.66354770
0.60579125
0.99681980
0.99999673
1.00000000
1.00000000
1.00000000
1.00000000
1.00000000
0.99999981
0.99999211
0.99987197
0.99873814
0.99136736
0.95224199
0.69627951
-0.36593108
-0.93125970
-0.99005177
-0.99627538
-0.99625062
-0.99073862
-0.95462733
-0.74599148
-0.20516746
0.32492875
0.73159137
0.95931314
0.99877992
0.99999651
1.00000000
1.00000000
1.00000000
1.00000000
1.00000000
1.00000000
1.00000000
1.00000000
1.00000000
1.00000000
1.00000000
1.00000000
0.99999984
0.99999073
0.99999167
0.99999976
1.00000000
1.00000000
1.00000000
1.00000000
1.00000000
1.00000000
1.00000000
1.00000000
1.00000000
0.99999999
0.99999559
0.99498937
-0.24437943
-0.98737825
-0.99878739
-0.99947710
-0.99960764
-0.99967623
-0.99962373
-0.99880251
-0.97911910
0.22616952
0.99862907
0.99999867
0.99999998
0.99999997
0.99999832
0.99974102
0.99377638
0.98262489
0.97163634
0.88223196
0.10680260
-0.85521955
-0.98356047
-0.99678301
-0.99909089
-0.99966171
-0.99981485
-0.99983364
-0.99977319
-0.99963969
-0.99949380
-0.99943326
-0.99943320
-0.99936415
-0.99902377
-0.99774361
-0.99198132
-0.95425334
-0.59316257
0.69475376
0.98895936
0.99951615
0.99991874
0.99988870
0.99897016
0.98474879
0.94116642
0.96269523
0.98500809
0.97832843
0.88193243
0.60135374
0.76525947
0.97439667
0.99642312
0.99580012
0.96200902
0.53339645
-0.35257210
-0.61783051
-0.51008480
-0.01198733
0.68237290
0.94846340
0.98994621
0.99411671
0.98201250
0.80704057
-0.25343108
-0.87106650
-0.96782210
-0.98889171
-0.99538236
-0.99679744
-0.99285846
-0.91315582
0.54070550
0.99737953
0.99999018
0.99999993
1.00000000
1.00000000
1.00000000
1.00000000
1.00000000
0.99999999
0.99999997
0.99999960
0.99997157
0.99552374
0.67745847
-0.58190369
-0.88009852
-0.88325728
-0.59835969
0.67492573
0.99612921
0.99998529
0.99999993
1.00000000
1.00000000
1.00000000
0.99999967
0.99961414
0.69852081
-0.91800470
-0.99232861
-0.99430871
-0.98315788
-0.91826538
-0.75025308
-0.71874213
-0.88543314
-0.97367024
-0.99049571
-0.98330166
-0.69282560
0.96876637
0.99998352
0.99999998
1.00000000
0.99999993
0.99993478
0.92036087
-0.68036945
-0.92232552
-0.56216028
0.96055470
0.99997094
0.99999997
1.00000000
1.00000000
1.00000000
0.99999966
0.99990254
0.98503731
0.53569071
-0.52762364
-0.87435783
-0.95414600
-0.97433062
-0.97596257
-0.96663171
-0.94845455
-0.93265619
-0.93647612
-0.95687092
-0.97493159
-0.98361390
-0.98439182
-0.97185604
-0.88286714
-0.29046309
0.63353934
0.86676563
0.87273429
0.78349510
0.56567124
0.17785443
-0.21056539
-0.41612861
-0.54922598
-0.73593148
-0.87898010
-0.89385530
-0.41877849
0.96806360
0.99997616
0.99999997
1.00000000
0.99999997
0.99998574
0.98017942
-0.61150661
-0.99080769
-0.99886546
-0.99954318
-0.99968721
-0.99974250
-0.99973354
-0.99952302
-0.99784353
-0.96936991
-0.24903700
0.92686656
0.99354390
0.99338038
0.92804829
-0.10790721
-0.93343883
-0.99209208
-0.99793986
-0.99924508
-0.99970738
-0.99987474
-0.99990920
-0.99990920
-0.99990770
-0.99986467
-0.99981849
-0.99977212
-0.99969479
-0.99953993
-0.99929606
-0.99912185
-0.99927575
-0.99961164
-0.99982361
-0.99990156
-0.99990920
-0.99990920
-0.99990920
-0.99990612
-0.99989010
-0.99983614
-0.99970985
-0.99953691
-0.99948930
-0.99961027
-0.99972517
-0.99974898
-0.99965646
-0.99935977
-0.99872728
-0.99789550
-0.99737061
-0.99721990
-0.99707290
-0.99695418
-0.99730734
-0.99809622
-0.99877558
-0.99913098
-0.99921070
-0.99892348
-0.99716351
-0.98194661
-0.77244083
0.36884442
0.90022121
0.96079116
0.94790356
0.82942989
0.28709126
-0.57470562
-0.90749515
-0.97641097
-0.99191852
-0.99637426
-0.99802938
-0.99881259
-0.99923754
-0.99945373
-0.99950950
-0.99938625
-0.99896770
-0.99819019
-0.99769702
-0.99830842
-0.99924356
-0.99972800
-0.99988837
-0.99990920
-0.99989150
-0.99951397
-0.99140594
-0.46854670
0.98297120
0.99995953
0.99999952
0.99999985
0.99999819
0.99978960
0.96371206
-0.12128807
-0.91298272
-0.97974183
-0.98337901
-0.95209217
-0.61500219
0.74716686
0.99657046
0.99998637
0.99999998
1.00000000
1.00000000
1.00000000
1.00000000
1.00000000
0.99999999
0.99986705
0.75618173
-0.93851646
-0.99773257
-0.99955950
-0.99967320
-0.99932972
-0.99753798
-0.99066135
-0.97799268
-0.97490884
-0.98494280
-0.99374835
-0.99771264
-0.99916654
-0.99967781
-0.99985978
-0.99990920
-0.99990920
-0.99990920
-0.99990920
-0.99990920
-0.99990920
-0.99990175
-0.99980843
-0.99950198
-0.99829047
-0.99386481
-0.98372549
-0.96943449
-0.92843151
-0.57905680
0.76093080
0.99336295
0.99942403
0.99949683
0.99690432
0.96622887
0.82480291
0.67789635
0.59102832
0.26526102
-0.51056163
-0.90453216
-0.95292589
-0.75652213
0.90763942
0.99996423
1.00000000
1.00000000
1.00000000
1.00000000
1.00000000
1.00000000
0.99999985
0.99999775
0.99996865
0.99935838
0.98301346
0.72301500
-0.00557458
-0.11164481
0.61137388
0.98435574
0.99985951
0.99999926
1.00000000
1.00000000
1.00000000
1.00000000
1.00000000
1.00000000
1.00000000
0.99999999
0.99999990
0.99999953
0.99999900
0.99999891
0.99999907
0.99999818
0.99997806
0.99866352
0.88950082
-0.39088410
-0.93591052
-0.98929236
-0.99694114
-0.99824669
-0.99755731
-0.99313035
-0.98082460
-0.97635271
-0.98902295
-0.99600008
-0.99684810
-0.99069178
-0.89521050
0.37387432
0.98816451
0.99973718
0.99996065
0.99992654
0.99921216
0.99100467
0.97256075
0.98104995
0.99291710
0.99596037
0.99452881
0.98443096
0.92747757
0.61014365
-0.21167200
-0.76565599
-0.92785248
-0.96594573
-0.95541634
-0.72272497
0.73014259
0.99645117
0.99991328
0.99998753
0.99999241
0.99999233
0.99998887
0.99995653
0.99951294
0.99367915
0.95569296
0.81273811
0.39308567
-0.16916614
-0.38238183
-0.29869937
-0.17907241
-0.23670884
-0.36898065
-0.25040428
0.53740840
0.98862088
0.99998304
1.00000000
1.00000000
1.00000000
1.00000000
1.00000000
1.00000000
1.00000000
0.99999999
0.99998646
0.97831514
-0.68290025
-0.99527650
-0.99962346
-0.99987176
-0.99988960
-0.99985174
-0.99979001
-0.99975742
-0.99978734
-0.99984631
-0.99989550
-0.99990920
-0.99990920
-0.99990920
-0.99990920
-0.99990920
-0.99990920
-0.99990920
-0.99990920
-0.99990920
-0.99989924
-0.99988820
-0.99990920
-0.99990920
-0.99990920
-0.99990920
-0.99990920
-0.99990920
-0.99990920
-0.99990920
-0.99990920
-0.99990920
-0.99990920
-0.99990614
-0.99990741
-0.99990920
-0.99990809
-0.99989443
-0.99985584
-0.99975420
-0.99950135
-0.99901112
-0.99851032
-0.99850977
-0.99892451
-0.99929493
-0.99948941
-0.99957216
-0.99960503
-0.99961626
-0.99962597
-0.99966832
-0.99975778
-0.99985243
-0.99990920
-0.99990920
-0.99990920
-0.99990920
-0.99990920
-0.99990920
-0.99990920
-0.99990920
-0.99990920
-0.99990920
-0.99990723
-0.99988930
-0.99983406
-0.99964678
-0.99905209
-0.99777185
-0.99675409
-0.99720159
-0.99819397
-0.99884923
-0.99914855
-0.99920880
-0.99900008
-0.99816701
-0.99546207
-0.98806514
-0.97383560
-0.95557002
-0.93911479
-0.93263359
-0.94263333
-0.95936873
-0.96742822
-0.96005691
-0.93165968
-0.89636512
-0.89962497
-0.93355446
-0.95914538
-0.96649364
-0.93957989
-0.59819141
0.84085895
0.99808926
0.99989353
0.99981887
0.99415982
0.72817427
-0.23488381
-0.44631411
-0.43418218
-0.66209562
-0.91581815
-0.98840345
-0.99884160
-0.99990920
-0.99990920
-0.99990920
-0.99990920
-0.99990920
-0.99990920
-0.99990920
-0.99990920
-0.99990920
-0.99990920
-0.99990920
-0.99926262
0.11628992
0.99982152
0.99999987
0.99999999
0.99999994
0.99999552
0.99991459
0.99995667
0.99999817
0.99999975
0.99999777
0.99904223
0.27645413
-0.98578790
-0.99952850
-0.99990920
-0.99990920
-0.99990920
-0.99990920
-0.99653503
0.16687592
0.99795586
0.99995017
0.99994859
0.99948006
0.99507194
0.98922921
0.99509073
0.99936764
0.99996881
0.99999856
0.99999967
0.99999854
0.99991281
0.98747392
0.41044544
-0.75073628
-0.95226971
-0.98699957
-0.99638627
-0.99881825
-0.99918235
-0.99825772
-0.99198672
-0.96357557
-0.90120600
-0.84009806
-0.80745536
-0.77593651
-0.63874535
-0.01793305
0.87686280
0.99767570
0.99998132
0.99999977
0.99999997
0.99999976
0.99993151
0.94904684
-0.49324859
-0.83878287
-0.27101394
0.93378310
0.99902401
0.99994123
0.99995521
0.99962131
0.99050605
0.85522637
0.34530165
-0.35207211
-0.84544713
-0.97158116
-0.98167306
-0.76555513
0.98659703
0.99999976
1.00000000
1.00000000
1.00000000
1.00000000
1.00000000
1.00000000
1.00000000
1.00000000
0.99999997
0.99999368
0.99986830
0.99848624
0.96734914
0.24353431
-0.85765361
-0.97144841
-0.97449152
-0.92801320
-0.69292854
-0.20591168
-0.02419676
-0.22905054
-0.32860925
0.15070912
0.84627663
0.98500243
0.99709605
0.99837668
0.99769013
0.99324604
0.97010694
0.87539621
0.67712143
0.45236615
0.08859083
-0.57762013
-0.94474915
-0.99514297
-0.99936400
-0.99982901
-0.99990920
-0.99990920
-0.99990920
-0.99990920
-0.99990920
-0.99990920
-0.99983698
-0.99935568
-0.99415267
-0.83970741
0.83164187
0.99945254
0.99999722
0.99999983
0.99999964
0.99999016
0.99965887
0.99872992
0.99985564
0.99999893
0.99999999
1.00000000
1.00000000
0.99999998
