0.99995365
0.99989437
0.99922142
0.98550605
0.77913933
-0.01615697
-0.77500882
-0.98496085
-0.99946232
-0.99990920
-0.99990920
-0.99990920
-0.99990920
-0.99990920
-0.99990920
-0.99990920
-0.99990920
-0.99990920
-0.99990920
-0.99990920
-0.99990920
-0.99990920
-0.99990920
-0.99990920
-0.99990920
-0.99990920
-0.99990920
-0.99990920
-0.99990703
-0.99595415
0.10162951
0.99959079
0.99999993
1.00000000
1.00000000
1.00000000
1.00000000
0.99999897
0.96280253
-0.96008303
-0.99932590
-0.99979802
-0.99974085
-0.99951515
-0.99923800
-0.99914467
-0.99925883
-0.99942002
-0.99953682
-0.99959302
-0.99959365
-0.99956173
-0.99954254
-0.99956683
-0.99962239
-0.99968778
-0.99975076
-0.99979905
-0.99982468
-0.99983058
-0.99982921
-0.99983537
-0.99985293
-0.99987331
-0.99988815
-0.99989143
-0.99986784
-0.99974792
-0.99908892
-0.99454132
-0.97163684
-0.94430935
-0.97041918
-0.99397335
-0.99909306
-0.99984468
-0.99990920
-0.99990920
-0.99990920
-0.99990920
-0.99990920
-0.99990920
-0.99990920
-0.99990920
-0.99990920
-0.99962640
-0.99297354
-0.84884627
-0.22098276
-0.12873846
-0.59186926
-0.77531400
-0.28014081
0.96604064
0.99997690
0.99999999
1.00000000
1.00000000
1.00000000
1.00000000
1.00000000
1.00000000
1.00000000
1.00000000
1.00000000
1.00000000
1.00000000
1.00000000
1.00000000
1.00000000
0.99999999
0.99997440
0.99954498
0.99992274
0.99999783
0.99999969
0.99999859
0.99987825
0.97148167
-0.36064454
-0.98400451
-0.99925414
-0.99989466
-0.99990920
-0.99990920
-0.99990920
-0.99990920
-0.99990920
-0.99990920
-0.99990920
-0.99990920
-0.99990920
-0.99990920
-0.99990920
-0.99990920
-0.99990920
-0.99990920
-0.99988624
-0.99986628
-0.99986361
-0.99985152
-0.99979850
-0.99967582
-0.99949432
-0.99933617
-0.99924465
-0.99919549
-0.99923099
-0.99940467
-0.99959579
-0.99964558
-0.99933477
-0.99646301
-0.95152006
-0.17312354
0.92700717
0.99603866
0.99814883
0.97835172
-0.27081942
-0.99592588
-0.99990920
-0.99990920
-0.99990920
-0.99990920
-0.99990920
-0.99990920
-0.99990920
-0.99990920
-0.99990920
-0.99990920
-0.99990920
-0.99990920
-0.99990920
-0.99990920
-0.99903015
-0.93138750
0.54735396
0.96305395
0.92833414
-0.24820456
-0.99103298
-0.99981655
-0.99990920
-0.99990920
-0.99990920
-0.99990920
-0.99987291
-0.99988322
-0.99990920
-0.99990920
-0.99990920
-0.99990920
-0.99990920
-0.99990920
-0.99986784
-0.99980094
-0.99970378
-0.99892413
-0.97965763
0.01719533
0.99234672
0.99997032
0.99999974
0.99999998
0.99999994
0.99999439
0.99790679
0.74113778
-0.62219147
-0.96302975
-0.99624496
-0.99950035
-0.99987564
-0.99990920
-0.99990920
-0.99984312
-0.99956558
-0.99885226
-0.99784724
-0.99740655
-0.99782859
-0.99853683
-0.99908513
-0.99940380
-0.99957940
-0.99970471
-0.99981758
-0.99990269
-0.99990920
-0.99990920
-0.99990920
-0.99990920
-0.99990920
-0.99990920
-0.99990920
-0.99989108
-0.99898448
-0.98320808
-0.48485579
0.94670670
0.99953821
0.99998291
0.99998934
0.99988457
0.99444715
0.84710467
0.59374946
0.93661000
0.99930580
0.99999331
0.99999911
0.99999604
0.99989071
0.99842404
0.99619387
0.99774928
0.99937671
0.99988138
0.99997564
0.99999225
0.99999693
0.99999895
0.99999952
0.99999902
0.99998130
0.99845217
0.93025867
0.80073492
0.98456475
0.99996404
0.99999999
1.00000000
1.00000000
1.00000000
1.00000000
1.00000000
1.00000000
1.00000000
1.00000000
1.00000000
0.99999997
0.99995703
0.99685182
0.98515524
0.98306880
0.99084754
0.99930237
0.99999927
1.00000000
1.00000000
1.00000000
1.00000000
1.00000000
1.00000000
0.99187603
-0.97064637
-0.99978565
-0.99990920
-0.99990920
-0.99990920
-0.99990756
-0.99974214
-0.99898249
-0.99284956
-0.90309800
-0.09620220
0.60810329
0.36500810
-0.73798955
-0.98903558
-0.99927449
-0.99988385
-0.99990920
-0.99990920
-0.99990920
-0.99990920
-0.99990920
-0.99951293
-0.98057248
-0.13581217
0.96377799
0.99904996
0.99996105
0.99999856
0.99999996
1.00000000
1.00000000
0.99999994
0.99997180
0.95835825
-0.87149005
-0.99857480
-0.99985145
-0.99985131
-0.99877135
-0.95584085
-0.14914130
0.47439106
-0.30857446
-0.96732119
-0.99859115
-0.99973628
-0.99981923
-0.99978857
-0.99975870
-0.99977584
-0.99982904
-0.99988708
-0.99990920
-0.99990920
-0.99990920
-0.99990920
-0.99990920
-0.99986715
-0.99972486
-0.99944719
-0.99911743
-0.99912047
-0.99953260
-0.99984469
-0.99990920
-0.99990920
-0.99979208
-0.99465817
-0.58749634
0.91542587
0.99346450
0.99359586
0.97651261
0.97268863
0.99828514
0.99999111
0.99999995
0.99999999
0.99999995
0.99999684
0.99983524
0.99681556
0.94174717
-0.00219896
-0.91989552
-0.97581922
-0.88643438
0.51078726
0.99552463
0.99997382
0.99999990
1.00000000
1.00000000
1.00000000
1.00000000
0.99999999
0.99998668
0.99715409
0.96492651
0.93558453
0.96221279
0.98896275
0.99507832
0.98442380
0.57429730
-0.92913916
-0.99851354
-0.99985985
-0.99990920
-0.99990920
-0.99990920
-0.99990920
-0.99990920
-0.99990920
-0.99982121
-0.99971736
-0.99972449
-0.99982488
-0.99990920
-0.99990920
-0.99990920
-0.99990920
-0.99990920
-0.99990920
-0.99990920
-0.99955539
-0.98783793
-0.68682573
0.31162009
0.51723590
0.01060678
-0.75846308
-0.96751634
-0.99089423
-0.97992006
-0.44285976
0.98216458
0.99991894
0.99999651
0.99999844
0.99999859
0.99999962
0.99999999
1.00000000
1.00000000
1.00000000
1.00000000
0.99999965
0.99994842
0.99279471
0.23631327
-0.97102901
-0.99906083
-0.99987429
-0.99990920
-0.99990920
-0.99986278
-0.99809888
-0.87501876
0.77950505
0.99156004
0.99511647
0.97146392
0.77281798
0.42960347
0.35432118
0.34136231
0.29866254
0.46956671
0.84320394
0.98567851
0.99935824
0.99997825
0.99999922
0.99999996
1.00000000
1.00000000
1.00000000
1.00000000
1.00000000
1.00000000
1.00000000
1.00000000
0.99999999
0.99999707
0.99712127
0.54818200
-0.26324618
0.29956435
0.79083422
0.72216701
-0.31833515
-0.96623290
-0.99823420
-0.99974096
-0.99989617
-0.99990920
-0.99990100
-0.99986044
-0.99978698
-0.99968309
-0.99960635
-0.99963015
-0.99972520
-0.99981643
-0.99987912
-0.99990920
-0.99990920
-0.99990920
-0.99990920
-0.99990920
-0.99990920
-0.99990920
-0.99990920
-0.99990920
-0.99990920
-0.99990920
-0.99990920
-0.99990920
-0.99990920
-0.99990920
-0.99984481
-0.99964563
-0.99888530
-0.99448455
-0.96873219
-0.90894508
-0.92804344
-0.98320814
-0.99705673
-0.99875044
-0.99787578
-0.99161255
-0.97648375
-0.97969904
-0.99361906
-0.99821708
-0.99904646
-0.99884004
-0.99692974
-0.97446871
-0.17913387
0.99131193
0.99997669
0.99999925
0.99999861
0.99993711
0.99494740
0.94904211
0.97883685
0.99920198
0.99997637
0.99999708
0.99999895
0.99999983
1.00000000
1.00000000
1.00000000
1.00000000
1.00000000
1.00000000
0.99999983
0.99995261
0.97002316
-0.79824959
-0.99838645
-0.99990920
-0.99990920
-0.99990920
-0.99990920
-0.99990920
-0.99990920
-0.99990920
-0.99990920
-0.99990920
-0.99990920
-0.99990920
-0.99990920
-0.99990920
-0.99990920
-0.99990920
-0.99990920
-0.99985175
-0.99819120
-0.86444129
0.88315638
0.99830556
0.99935670
0.98749729
-0.18547447
-0.99480750
-0.99990920
-0.99990920
-0.99990920
-0.99990920
-0.99990920
-0.99990920
-0.99990920
-0.99990920
-0.99990920
-0.99990920
-0.99990866
-0.99990920
-0.99990920
-0.99990920
-0.99990920
-0.99990920
-0.99990920
-0.99990920
-0.99983571
-0.99768497
-0.69172964
0.99412148
0.99999919
1.00000000
1.00000000
1.00000000
1.00000000
1.00000000
1.00000000
1.00000000
1.00000000
0.99999997
0.99999785
0.99996863
0.99970858
0.99796924
0.99595751
0.99925590
0.99999299
0.99999999
1.00000000
1.00000000
1.00000000
1.00000000
0.99999996
0.99988157
0.92550688
-0.10950131
-0.29131473
0.35664774
0.75360776
0.77778722
0.59276261
0.17228360
-0.43557620
-0.83904813
-0.93376737
-0.85762336
0.20780810
0.98061115
0.99941781
0.99984371
0.99964138
0.99854119
0.99813666
0.99952888
0.99993237
0.99996903
0.99983711
0.98982250
-0.05801930
-0.98822768
-0.99968070
-0.99990920
-0.99990920
-0.99990920
-0.99990920
-0.99990920
-0.99990920
-0.99990920
-0.99990920
-0.99990920
-0.99990920
-0.99990920
-0.99990920
-0.99975415
-0.99714992
-0.94869170
-0.67309390
-0.71410395
-0.96425279
-0.99762202
-0.99939793
-0.99831172
-0.96184787
-0.19514087
0.57282215
0.01128177
-0.92942805
-0.99752135
-0.99968980
-0.99982566
-0.99967049
-0.99829573
-0.97933402
-0.61734515
0.74666645
0.98664110
0.99837552
0.99938129
0.99966085
0.99992509
0.99999661
0.99999996
1.00000000
1.00000000
1.00000000
1.00000000
0.99999986
0.99959854
0.61521421
-0.90944370
-0.96378690
-0.55992368
0.97223418
0.99995523
0.99999969
0.99999994
0.99999933
0.99982028
0.84817960
-0.93769413
-0.99862800
-0.99976885
-0.99984567
-0.99978830
-0.99958925
-0.99905130
-0.99757644
-0.99284948
-0.96917187
-0.74601219
0.56524952
0.99104142
0.99991694
0.99999902
0.99999994
0.99999995
0.99999926
0.99998083
0.99993505
0.99999442
0.99999998
1.00000000
1.00000000
1.00000000
1.00000000
1.00000000
1.00000000
1.00000000
1.00000000
1.00000000
0.99999999
0.99998569
0.97398118
-0.84247110
-0.99861571
-0.99976903
-0.99886952
-0.91257319
0.81735359
0.99489338
0.99493700
0.87031305
-0.71467292
-0.99067182
-0.99870239
-0.99940607
-0.99955385
-0.99965814
-0.99976214
-0.99982850
-0.99984885
-0.99982736
-0.99975737
-0.99962037
-0.99940698
-0.99917234
-0.99905532
-0.99913191
-0.99930857
-0.99946454
-0.99955878
-0.99960249
-0.99962115
-0.99963258
-0.99962717
-0.99956647
-0.99939179
-0.99905483
-0.99866949
-0.99858470
-0.99890988
-0.99933509
-0.99962849
-0.99977298
-0.99981409
-0.99976829
-0.99959791
-0.99927397
-0.99898654
-0.99903872
-0.99935653
-0.99966044
-0.99983610
-0.99990920
-0.99990920
-0.99990920
-0.99990583
-0.99985436
-0.99979893
-0.99978472
-0.99981211
-0.99982814
-0.99978476
-0.99961049
-0.99916587
-0.99830874
-0.99667268
-0.99225570
-0.98004215
-0.96643465
-0.97844859
-0.99478754
-0.99921948
-0.99987294
-0.99990920
-0.99990920
-0.99990920
-0.99990920
-0.99990920
-0.99990920
-0.99990920
-0.99990920
-0.99987844
-0.99982483
-0.99980160
-0.99985131
-0.99990920
-0.99990920
-0.99990920
-0.99990920
-0.99990920
-0.99989339
-0.99963252
-0.99735477
-0.93192078
0.57010284
0.99596610
0.99990376
0.99999393
0.99999988
1.00000000
1.00000000
1.00000000
1.00000000
1.00000000
1.00000000
1.00000000
1.00000000
1.00000000
1.00000000
1.00000000
1.00000000
1.00000000
1.00000000
1.00000000
1.00000000
1.00000000
1.00000000
0.99999992
0.99998035
0.98605915
-0.86235860
-0.99989951
-0.99990920
-0.99990920
-0.99990920
-0.99990920
-0.99990920
-0.99990920
-0.99990920
-0.99990920
-0.99990920
-0.99990920
-0.99990920
-0.99990920
-0.99989531
-0.99918299
-0.99067218
-0.85735198
-0.15036237
0.04469874
-0.80191945
-0.99758419
-0.99990920
-0.99990920
-0.99990920
-0.99990920
-0.99990920
-0.99990920
-0.99990920
-0.99990920
-0.99990920
-0.99990920
-0.99990920
-0.99990920
-0.99990920
-0.99990920
-0.99990920
-0.99990920
-0.99990920
-0.99990920
-0.99990920
-0.99990920
-0.99990920
-0.98685819
0.84957941
0.99893952
0.99915258
0.95279869
-0.75580754
-0.99786588
-0.99987164
-0.99990634
-0.99874223
-0.56901247
0.99953699
1.00000000
1.00000000
1.00000000
1.00000000
1.00000000
1.00000000
1.00000000
0.99999997
0.99993668
0.92239443
-0.76221413
-0.98317226
-0.98365616
-0.66271187
0.98230402
0.99999155
0.99999998
1.00000000
0.99999986
0.99988009
0.89635250
-0.53885789
-0.68726181
0.15936644
0.84761144
0.90757552
0.77365513
0.64293231
0.94043695
0.99958564
0.99999944
1.00000000
1.00000000
0.99999994
0.99972417
-0.06826193
-0.99789006
-0.99990920
-0.99990920
-0.99990920
-0.99982314
-0.99942547
-0.99789008
-0.98809435
-0.77436222
0.96523125
0.99999905
1.00000000
1.00000000
1.00000000
1.00000000
1.00000000
0.99999999
0.99995260
0.99465532
0.98983213
0.99648026
0.99710493
0.98533715
0.77495547
-0.50759124
-0.96792038
-0.99667985
-0.99868193
-0.99753658
-0.98973193
-0.97474723
-0.98427081
-0.99663954
-0.99928932
-0.99966577
-0.99963024
-0.99937660
-0.99901630
-0.99891540
-0.99918346
-0.99949412
-0.99967777
-0.99976881
-0.99982611
-0.99987808
-0.99990920
-0.99990920
-0.99990920
-0.99990920
-0.99990920
-0.99987274
-0.99722073
-0.59322470
0.99331398
0.99999698
0.99999999
1.00000000
0.99999998
0.99997821
0.95418623
-0.71480940
-0.97609808
