-0.09864952
0.10140998
0.41528902
0.70788029
0.87376010
0.90709057
0.88943640
0.90254956
0.96044346
1.00000000
1.00000000
1.00000000
1.00000000
1.00000000
0.99639423
0.90582287
0.81060079
0.70364823
0.54868764
0.32175985
0.04962398
-0.19846845
-0.35054799
-0.36256172
-0.23222520
-0.00426437
0.24365307
0.43764218
0.53354189
0.50809809
0.34777881
0.07270001
-0.23444396
-0.45230836
-0.49331219
-0.36475384
-0.17177540
-0.05469654
-0.09673134
-0.27488285
-0.49661575
-0.67952246
-0.79761295
-0.86915150
-0.91929237
-0.95776375
-0.98218187
-0.99138073
-0.99126346
-0.99015894
-0.99236851
-0.99679493
-1.00000000
-0.99985620
-0.99722880
-0.99463231
-0.99282909
-0.98903996
-0.97854173
-0.95649752
-0.91745753
-0.85516575
-0.76455103
-0.64385360
-0.49473851
-0.32418689
-0.15037577
-0.00202437
0.10235444
0.17878046
0.26730771
0.38788482
0.51652248
0.61173174
0.65508582
0.65959873
0.64472803
0.61060931
0.53848402
0.41593723
0.25828174
0.09736159
-0.05057466
-0.19571235
-0.34974005
-0.50052794
-0.61940066
-0.68774589
-0.70813646
-0.69514201
-0.66827137
-0.65335008
-0.67305998
-0.72346950
-0.76942195
-0.77618360
-0.74193670
-0.69329235
-0.65678382
-0.63998486
-0.62588533
-0.57671925
-0.46137019
-0.29372810
-0.13109073
-0.02505637
0.00981646
-0.02243689
-0.11740528
-0.25940352
-0.41426818
-0.53843810
-0.58908630
-0.53678667
-0.38422921
-0.17534452
0.01918353
0.13609746
0.15372132
0.09689832
0.00642874
-0.09025346
-0.17845884
-0.24355611
-0.27418548
-0.27860209
-0.28920013
-0.34057236
-0.44057430
-0.56620140
-0.68685114
-0.78389529
-0.84960662
-0.88083773
-0.88242837
-0.87097951
-0.86636944
-0.87804248
-0.90120482
-0.92466719
-0.94042410
-0.94698094
-0.94620904
-0.93902240
-0.92288444
-0.88880586
-0.81939122
-0.69838851
-0.53539898
-0.38217297
-0.30679493
-0.33049635
-0.38666505
-0.35704049
-0.16690423
0.14452575
0.45010902
0.63891373
0.69467714
0.67177429
0.61832068
0.54708377
0.46695098
0.40849879
0.40371557
0.44630987
0.48714030
0.48378736
0.44903396
0.43135755
0.44535087
0.44047678
0.35107673
0.17250921
-0.01756414
-0.11153881
-0.04961595
0.13798822
0.35569857
0.51626201
0.60243630
0.66053163
0.73253588
0.79911973
0.79474776
0.67529245
0.46355451
0.23269223
0.05453943
-0.03678979
-0.04548388
0.00381124
0.07760016
0.13883435
0.15981411
0.13476327
0.07068000
-0.03200002
-0.17593854
-0.34361948
-0.49104274
-0.57138036
-0.56273433
-0.47539161
-0.33490375
-0.15479408
0.07230041
0.34421213
0.60458378
0.74660108
0.68292887
0.41462015
0.03073408
-0.35097177
-0.64584487
-0.82818905
-0.91857402
-0.95399845
-0.96458139
-0.96674511
-0.96673398
-0.96575607
-0.96281539
-0.95529584
-0.93833582
-0.90248782
-0.83003478
-0.69444690
-0.47209154
-0.16718554
0.16448895
0.41737912
0.47995553
0.30628651
-0.03993108
-0.42129649
-0.71763259
-0.88459508
-0.93945761
-0.91835934
-0.85400983
-0.77359515
-0.69848869
-0.64354098
-0.61674065
-0.61309607
-0.60690840
-0.55865999
-0.44643025
-0.30406086
-0.21601096
-0.24600841
-0.36617003
-0.47451789
-0.48813617
-0.41550357
-0.34127309
-0.34358144
-0.42579561
-0.52466289
-0.56692745
-0.50788677
-0.33784584
-0.08463661
0.18691487
0.39794464
0.49509927
0.47597112
0.37999310
0.25605078
0.13418535
0.01967367
-0.09090242
-0.19572512
-0.29692633
-0.40824880
-0.53489006
-0.65685829
-0.74683837
-0.79465429
-0.80458624
-0.77925634
-0.71689057
-0.62286707
-0.51605412
-0.41754182
-0.33492144
-0.26080260
-0.16938204
0.00213948
0.33531811
0.83981692
1.00000000
1.00000000
1.00000000
1.00000000
1.00000000
1.00000000
1.00000000
1.00000000
1.00000000
0.72348778
0.37474499
0.09426532
-0.07719433
-0.10144475
0.01475559
0.19468945
0.34956593
0.45637738
0.55005984
0.65067247
0.73050406
0.74463431
0.66262818
0.47308918
0.18765744
-0.14888862
-0.46793810
-0.71025497
-0.85550336
-0.92310430
-0.94834598
-0.95623775
-0.95086781
-0.92001395
-0.84518677
-0.71124337
-0.51746984
-0.29179609
-0.09720699
-0.00541955
-0.03938533
-0.14312934
-0.22727911
-0.24826578
-0.23803244
-0.26161998
-0.35302084
-0.49235667
-0.63606609
-0.75516183
-0.84385203
-0.90600316
-0.94425954
-0.95950497
-0.95541165
-0.94137389
-0.92945448
-0.92634838
-0.92895791
-0.92849833
-0.91747801
-0.89251801
-0.85241492
-0.79368879
-0.70690378
-0.58074554
-0.41542740
-0.23646611
-0.09700150
-0.05793076
-0.14444970
-0.30867937
-0.44849647
-0.48578637
-0.43299622
-0.37496933
-0.38127265
-0.43860437
-0.47104962
-0.42443506
-0.32806074
-0.26831601
-0.29977118
-0.39446759
-0.48188362
-0.51642245
-0.49471930
-0.43251139
-0.34951248
-0.27074508
-0.22605708
-0.24042395
-0.31879349
-0.43556914
-0.54739024
-0.62606016
-0.67718540
-0.72301283
-0.77183153
-0.80722409
-0.79962949
-0.72319947
-0.56833752
-0.34741131
-0.08873999
0.17494531
0.40717291
0.56359327
0.61169893
0.56717372
0.49490708
0.45303323
0.43286477
0.36652181
0.20111926
-0.04279988
-0.29031652
-0.47531239
-0.57462809
-0.59535035
-0.54902204
-0.43860867
-0.26208572
-0.02901694
0.22365716
0.43375198
0.53323411
0.47423219
0.25731231
-0.05430522
-0.36221715
-0.58971608
-0.71394614
-0.75008400
-0.72218196
-0.65607468
-0.58648847
-0.55201143
-0.57424246
-0.64333176
-0.72290954
-0.76557146
-0.72473880
-0.56999737
-0.31786022
-0.05616975
0.08985162
0.04881540
-0.14038437
-0.37151200
-0.55191370
-0.63306218
-0.59192792
-0.42007217
-0.14241138
0.16532196
0.39917159
0.48305164
0.40958484
0.22841395
0.00404468
-0.21191233
-0.38427708
-0.49842589
-0.56751435
-0.61823606
-0.66122094
-0.68474762
-0.67770920
-0.64891467
-0.62208236
-0.61918810
-0.64845557
-0.70132012
-0.75878425
-0.80207749
-0.81536860
-0.77992129
-0.67988454
-0.52510503
-0.36088970
-0.24291429
-0.20405243
-0.24471925
-0.33749298
-0.43508408
-0.49579885
-0.51639623
-0.52850042
-0.55424870
-0.57221525
-0.52767017
-0.37313519
-0.11329054
0.17034368
0.34842895
0.32607789
0.11093874
-0.19945205
-0.49209497
-0.70137516
-0.82038968
-0.87620317
-0.90066785
-0.91322005
-0.91617701
-0.89760457
-0.83929323
-0.72829929
-0.56999991
-0.39809334
-0.26995813
-0.23771486
-0.31157253
-0.45297533
-0.60620847
-0.73331036
-0.82390100
-0.88561842
-0.93018065
-0.96302789
-0.98191835
-0.98408741
-0.97394105
-0.96240374
-0.95790105
-0.95882290
-0.95690241
-0.94669349
-0.92993771
-0.91396726
-0.90865036
-0.92049889
-0.94545349
-0.97050541
-0.98560475
-0.99134376
-0.99326321
-0.99177574
-0.98080321
-0.95626946
-0.92492241
-0.90288428
-0.90295024
-0.92250483
-0.94472258
-0.95079137
-0.93068132
-0.88629686
-0.83018623
-0.78051166
-0.75059603
-0.74061778
-0.74247370
-0.75213994
-0.77145481
-0.79780109
-0.81978149
-0.82644487
-0.81593396
-0.79003261
-0.74239512
-0.66101713
-0.54824419
-0.43252588
-0.34984972
-0.31553933
-0.32263403
-0.36047841
-0.42196210
-0.49780650
-0.57675004
-0.65110415
-0.71644441
-0.76883051
-0.80720116
-0.83557693
-0.85914579
-0.87846842
-0.88803220
-0.88136637
-0.85915000
-0.83239659
-0.81634974
-0.82124399
-0.84805043
-0.88904427
-0.93035771
-0.95525735
-0.94627725
-0.88752485
-0.76750282
-0.58096168
-0.33556710
-0.06937658
0.14300202
0.22506099
0.15254663
-0.03008891
-0.24696775
-0.43969690
-0.58323968
-0.66879738
-0.68799139
-0.63666837
-0.52242039
-0.36049602
-0.16371019
0.06395522
0.32687653
0.62188969
0.90655836
1.00000000
1.00000000
0.81752583
0.42360425
0.00553733
-0.34742789
-0.60384298
-0.76770849
-0.85201496
-0.86914760
-0.83418359
-0.76943559
-0.70190474
-0.65454770
-0.63835500
-0.65190266
-0.68779664
-0.73834790
-0.79597505
-0.85279480
-0.90263115
-0.94233638
-0.97108381
-0.98920319
-0.99679036
-0.99305889
-0.97736692
-0.95023784
-0.91192380
-0.86143166
-0.80075927
-0.74147807
-0.70063326
-0.68084551
-0.65367096
-0.57440407
-0.42517402
-0.24481260
-0.10952055
-0.07640865
-0.14286559
-0.25615459
-0.35610202
-0.41342269
-0.44087096
-0.47294857
-0.52829549
-0.58650794
-0.59662163
-0.50280878
-0.26968265
0.09037886
0.49655636
0.81825403
0.94645182
0.86858243
0.67161825
0.46641997
0.30905888
0.18777363
0.06527147
-0.07758980
-0.22780886
-0.35400892
-0.42923435
-0.44072511
-0.38322562
-0.25570800
-0.06961723
0.14994831
0.38062652
0.61238426
0.82741983
0.97598851
0.99575995
0.86983805
0.65675980
0.44789978
0.29669424
0.20115626
0.14775863
0.14002619
0.16819081
0.17703603
0.09925295
-0.07754215
-0.29775389
-0.49375060
-0.63769122
-0.73676611
-0.79965895
-0.82199795
-0.79861037
-0.74288974
-0.69244561
-0.68666603
-0.72908752
-0.77865724
-0.78671865
-0.73262759
-0.61763619
-0.44607368
-0.23600264
-0.04033837
0.06977851
0.05650342
-0.05035962
-0.17383658
-0.24681650
-0.25360191
-0.22551829
-0.20543383
-0.21814250
-0.26654812
-0.34096835
-0.42432805
-0.49893958
-0.55882607
-0.60934953
-0.64658077
-0.64406117
-0.56955107
-0.41640074
-0.22055467
-0.04546809
0.06331080
0.11176278
0.12874351
0.10858590
0.01714168
-0.14194789
-0.30729625
-0.42059073
-0.47695380
-0.50167361
-0.50601246
-0.48760077
-0.45884306
-0.44943713
-0.47513775
-0.51503524
-0.52160522
-0.44340452
-0.23964516
0.10414348
0.55062147
0.99932430
1.00000000
1.00000000
1.00000000
1.00000000
0.72360789
0.35078125
-0.01899525
-0.35029015
-0.61077448
-0.78659850
-0.88705742
-0.93351033
-0.94631663
-0.94027073
-0.92703636
-0.91661004
-0.91535301
-0.92388727
-0.93802977
-0.95197570
-0.96164320
-0.96648413
-0.96876409
-0.97158468
-0.97710775
-0.98484289
-0.99048962
-0.98823217
-0.97720837
-0.96562946
-0.96533078
-0.98056671
-1.00000000
-1.00000000
-1.00000000
-1.00000000
-1.00000000
-0.99103374
-0.97677287
-0.96632307
-0.95923028
-0.95517113
-0.95347796
-0.95156795
-0.94587392
-0.93401805
-0.91474713
-0.88764409
-0.85564445
-0.82689209
-0.81152801
-0.81530192
-0.83551155
-0.86301094
-0.88895138
-0.90916326
-0.92204790
-0.92601926
-0.92241287
-0.91829544
-0.92222270
-0.93670892
-0.95607006
-0.97185881
-0.98041604
-0.98471556
-0.98854898
-0.99036010
-0.98494834
-0.97087259
-0.95413641
-0.94300537
-0.93973747
-0.93775796
-0.92657703
-0.90025346
-0.86364845
-0.83039172
-0.81191242
-0.80820430
-0.81088676
-0.81325992
-0.81422323
-0.81280358
-0.80225926
-0.77338883
-0.72513433
-0.66906034
-0.62074123
-0.58864613
-0.57361111
-0.57497841
-0.59232095
-0.61932989
-0.64028610
-0.64051827
-0.62223577
-0.60316039
-0.59780125
-0.60732858
-0.62602147
-0.64356994
-0.63430800
-0.55825161
-0.39641297
-0.19609772
-0.06335324
-0.08058609
-0.22618622
-0.39259072
-0.48774372
-0.50759274
-0.51211004
-0.55063162
-0.62501652
-0.71470626
-0.81196964
-0.92137038
-1.00000000
-1.00000000
-1.00000000
-1.00000000
-1.00000000
-1.00000000
-1.00000000
-1.00000000
-1.00000000
-0.95306264
-0.63604558
-0.23172168
0.14525286
0.35672218
0.33852586
0.16486014
0.00517080
-0.00613671
0.11909382
0.23070334
0.16895785
-0.10125858
-0.47672257
-0.81519566
-1.00000000
-1.00000000
-1.00000000
-1.00000000
-0.94410528
-0.91969812
-0.94277288
-0.98770501
-1.00000000
-1.00000000
-1.00000000
-1.00000000
-1.00000000
-1.00000000
-1.00000000
-1.00000000
-1.00000000
-1.00000000
-1.00000000
-1.00000000
-0.98759712
-0.89055513
-0.86647329
-0.89935619
-0.94815594
-0.99271511
-1.00000000
-1.00000000
-1.00000000
-1.00000000
-1.00000000
-1.00000000
-1.00000000
-1.00000000
-1.00000000
-1.00000000
-1.00000000
-1.00000000
-1.00000000
-1.00000000
-1.00000000
-1.00000000
-1.00000000
-1.00000000
-1.00000000
-1.00000000
-1.00000000
-0.85123887
-0.68613448
-0.59956819
-0.61818191
-0.66040713
-0.60533949
-0.40768928
-0.14062173
0.06034399
0.09587129
-0.03261507
-0.24056190
-0.43500126
-0.57095730
-0.65305936
-0.71000341
-0.76680288
-0.82097339
-0.84200358
-0.80490041
-0.72310788
-0.63784971
-0.57737413
-0.53930105
-0.51014144
-0.48318741
-0.45218219
-0.40656905
-0.34907736
-0.30487291
-0.29568450
-0.31699065
-0.36086368
-0.44161075
-0.56762898
-0.70434135
-0.79617918
-0.81000162
-0.73782598
-0.58133694
-0.36103798
-0.13327760
0.02319755
0.05103790
-0.04487880
-0.19740618
-0.33079247
-0.42173178
-0.50199711
-0.60267287
-0.70598869
-0.74587266
-0.64220615
-0.34519146
0.12377024
0.66649753
1.00000000
1.00000000
1.00000000
1.00000000
1.00000000
1.00000000
0.70208031
0.33461781
0.08845109
-0.05241136
-0.16528857
-0.31400203
-0.49445047
-0.65027290
-0.72871101
-0.71583004
-0.63483915
-0.53104342
-0.45617372
-0.44505552
-0.48775134
-0.52963850
-0.51622160
-0.44260056
-0.35125308
-0.28456990
-0.25257172
-0.24257649
