0.80858364
0.62413612
0.34198835
0.09100572
-0.02722887
-0.00776982
0.04303522
-0.00735145
-0.19950258
-0.45892333
-0.68260269
-0.81975621
-0.87267628
-0.85986206
-0.80191736
-0.73082032
-0.68819876
-0.70199266
-0.76635000
-0.84905302
-0.91778233
-0.95730763
-0.96664634
-0.94959796
-0.91364899
-0.87476995
-0.85373056
-0.85836090
-0.86866671
-0.83929689
-0.72021523
-0.49061757
-0.19134805
0.07874890
0.21494132
0.16546861
-0.04594815
-0.33721171
-0.61203338
-0.80866463
-0.91862495
-0.96733560
-0.98467723
-0.98995449
-0.99201681
-0.99350383
-0.99475095
-0.99559541
-0.99610078
-0.99652207
-0.99706635
-0.99778761
-0.99859368
-0.99930046
-0.99976332
-0.99997809
-1.00000000
-0.99962514
-0.99806939
-0.99360343
-0.98332045
-0.96364481
-0.93084402
-0.87977523
-0.79887911
-0.66896760
-0.48183692
-0.27472078
-0.13500853
-0.14232504
-0.29843599
-0.52580017
-0.73261893
-0.87023018
-0.93800834
-0.95498593
-0.93435028
-0.87717679
-0.78327778
-0.66427270
-0.53819477
-0.40798519
-0.25375585
-0.05909490
0.15308091
0.31736496
0.37489987
0.33644171
0.28749646
0.32040240
0.46556745
0.68714464
0.92815955
1.00000000
1.00000000
1.00000000
1.00000000
1.00000000
1.00000000
1.00000000
1.00000000
1.00000000
1.00000000
1.00000000
0.99456351
0.92671915
0.89000003
0.86759063
0.83316777
0.79191122
0.77525467
0.79425727
0.81641552
0.79691062
0.72900619
0.64914749
0.57668576
0.46463132
0.24698147
-0.07000240
-0.39665821
-0.63590150
-0.74407987
-0.72430970
-0.59734664
-0.40074952
-0.20924061
-0.12263448
-0.19929177
-0.40275852
-0.63400492
-0.81271533
-0.91752029
-0.96688344
-0.98627525
-0.99278931
-0.99468803
-0.99503357
-0.99488842
-0.99464624
-0.99449687
-0.99449442
-0.99462416
-0.99487553
-0.99510334
-0.99447194
-0.99085756
-0.98054334
-0.95926532
-0.92386303
-0.87171412
-0.79476582
-0.67888516
-0.52483828
-0.37528088
-0.29812066
-0.32405178
-0.41619069
-0.51698773
-0.60576271
-0.69331213
-0.78052719
-0.84473372
-0.86137626
-0.82973663
-0.78066675
-0.75855964
-0.78612002
-0.84623124
-0.89921122
-0.91045909
-0.85664605
-0.71887762
-0.48952393
-0.19246681
0.10860946
0.32607288
0.37812723
0.22964125
-0.06828283
-0.38934333
-0.60801948
-0.67301278
-0.62023148
-0.53770165
-0.50929479
-0.55832902
-0.63366965
-0.66207189
-0.61210697
-0.50174292
-0.36123031
-0.21350890
-0.08563837
-0.00516361
0.03551609
0.09832286
0.25566007
0.51252159
0.79015327
1.00000000
1.00000000
1.00000000
1.00000000
1.00000000
1.00000000
0.85174371
0.44551834
0.02192031
-0.35499880
-0.64351079
-0.83051349
-0.93063573
-0.97409449
-0.98934789
-0.99380301
-0.99498394
-0.99541181
-0.99560708
-0.99567256
-0.99559274
-0.99544611
-0.99538601
-0.99553625
-0.99590153
-0.99610996
-0.99503523
-0.98821928
-0.96247519
-0.88984405
-0.73524319
-0.49239580
-0.22578552
-0.05260535
-0.04617228
-0.15371070
-0.22747229
-0.14037953
0.11845439
0.43663346
0.66235044
0.71453687
0.61868648
0.45005042
0.27734413
0.16576692
0.17957978
0.33991553
0.58601053
0.79345247
0.84674753
0.71692687
0.47849250
0.25330646
0.13867339
0.16716737
0.30933672
0.51152524
0.72805124
0.91995125
1.00000000
1.00000000
1.00000000
0.99961035
0.95439841
0.95460165
1.00000000
1.00000000
1.00000000
1.00000000
1.00000000
1.00000000
1.00000000
1.00000000
1.00000000
1.00000000
1.00000000
1.00000000
1.00000000
0.61604536
0.26556074
0.15284700
0.26293014
0.48068995
0.69422716
0.85246729
0.93752452
0.92428431
0.79451624
0.57322216
0.31489360
0.05212023
-0.21270675
-0.46534858
-0.66402144
-0.77482606
-0.80141403
-0.76727349
-0.67954444
-0.52802790
-0.32234375
-0.11119579
0.04879635
0.12665792
0.10999272
-0.00590462
-0.19958910
-0.41124089
-0.57063040
-0.64232991
-0.64681460
-0.63961180
-0.66603130
-0.73108551
-0.80544130
-0.84734836
-0.81202666
-0.65542108
-0.35843242
0.03219093
0.39672733
0.60250676
0.58816712
0.40005987
0.15630139
-0.02820976
-0.09834371
-0.06487151
0.01542111
0.06754873
0.05626672
0.03827017
0.11901318
0.32511680
0.53508764
0.56671874
0.33955285
-0.05902378
-0.46104266
-0.74877330
-0.90409421
-0.96902144
-0.99044419
-0.99617177
-0.99737728
-0.99746239
-0.99728077
-0.99711118
-0.99699643
-0.99688714
-0.99668783
-0.99628787
-0.99563705
-0.99484096
-0.99405638
-0.99299506
-0.99044287
-0.98215374
-0.95575877
-0.88279884
-0.71969892
-0.43470792
-0.05460530
0.31753541
0.55520924
0.60410772
0.53730215
0.50823931
0.62576118
0.86358761
1.00000000
1.00000000
1.00000000
0.95141314
0.76192924
0.61608635
0.52107123
0.47647553
0.49525395
0.56857844
0.65814827
0.74783429
0.86367035
1.00000000
1.00000000
1.00000000
1.00000000
1.00000000
1.00000000
0.79950893
0.56255736
0.39363645
0.29441055
0.25031397
0.22724341
0.17727735
0.06679655
-0.11009426
-0.33326298
-0.55672767
-0.72359744
-0.79925146
-0.79351710
-0.75412706
-0.73695349
-0.76961879
-0.83759251
-0.90671946
-0.95478115
-0.98012952
-0.99083610
-0.99386676
-0.99031308
-0.97241791
-0.92069731
-0.80903292
-0.62688715
-0.40142607
-0.18165873
0.01249388
0.21167537
0.45330712
0.71767280
0.90714615
0.90286662
0.67414405
0.33175865
0.04815751
-0.06820127
-0.01480320
0.14323883
0.32245497
0.46864933
0.58920543
0.71555305
0.82928298
0.86472411
0.79632927
0.68258177
0.60287127
0.57302290
0.53594872
0.41866998
0.19331554
-0.09515494
-0.34429636
-0.44692077
-0.35735653
-0.13490041
0.07598420
0.14071552
0.03606082
-0.14031839
-0.25645104
-0.24515028
-0.14066522
-0.03112172
0.03189878
0.07536282
0.16104123
0.32222125
0.54317878
0.77644098
0.97662566
1.00000000
1.00000000
1.00000000
1.00000000
1.00000000
1.00000000
1.00000000
1.00000000
1.00000000
1.00000000
0.81814359
0.60496218
0.45437467
0.37128423
0.33563343
0.34330283
0.41038371
0.53159541
0.64437085
0.64972473
0.48413321
0.17330115
-0.18947201
-0.51130301
-0.74405402
-0.88440495
-0.95479319
-0.98386325
-0.99396927
-0.99723153
-0.99838015
-0.99858631
-0.99754524
-0.99420132
-0.98713848
-0.97604091
-0.96301538
-0.95138380
-0.94275277
-0.93681127
-0.93396745
-0.93494316
-0.93660638
-0.93197722
-0.91776961
-0.90082006
-0.89395472
-0.90380375
-0.92303133
-0.93433051
-0.92160168
-0.88052672
-0.82298459
-0.77077278
-0.74116953
-0.73819618
-0.75519445
-0.77949225
-0.79720646
-0.80222808
-0.79738945
-0.77858977
-0.72677805
-0.62955400
-0.50591596
-0.39472674
-0.31956637
-0.27499237
-0.24465801
-0.21669636
-0.17711719
-0.10103139
0.03097219
0.20509298
0.37365428
0.49050270
0.55186516
0.60481931
0.69994610
0.82444808
0.89931841
0.86378673
0.75064664
0.65751309
0.65170737
0.71611055
0.78106836
0.80022715
0.78988255
0.79104113
0.79625111
0.73444863
0.54504216
0.25887562
-0.01564350
-0.19017465
-0.27251970
-0.34230677
-0.45981088
-0.60980083
-0.73145176
-0.78607062
-0.78739954
-0.77667050
-0.77892890
-0.78443279
-0.76725650
-0.71528796
-0.64152266
-0.56849221
-0.49906901
-0.40533550
-0.25469438
-0.04688577
0.18112848
0.37620078
0.48009691
0.43887442
0.23891367
-0.06192329
-0.36364196
-0.59382482
-0.74269584
-0.83771370
-0.90335222
-0.94840990
-0.97525359
-0.98830571
-0.99340563
-0.99499457
-0.99519170
-0.99475533
-0.99378884
-0.99158223
-0.98588165
-0.97105542
-0.93600577
-0.86174639
-0.72364647
-0.50659142
-0.22702282
0.06405551
0.30858483
0.47331673
0.55739129
0.57406917
0.53238222
0.45593068
0.42056902
0.52693558
0.80357133
1.00000000
1.00000000
1.00000000
1.00000000
1.00000000
0.90997307
0.75388958
0.72849595
0.77068742
0.78625850
0.71581045
0.56571340
0.38814151
0.23402962
0.11256579
-0.00848877
-0.14574782
-0.24910404
-0.24101025
-0.10876526
0.07419503
0.22657611
0.33416962
0.43892040
0.57870797
0.75217180
0.93432338
1.00000000
1.00000000
1.00000000
1.00000000
1.00000000
1.00000000
1.00000000
1.00000000
1.00000000
1.00000000
1.00000000
1.00000000
1.00000000
0.82311600
0.42513428
-0.02781120
-0.43797009
-0.72868255
-0.88920682
-0.95773367
-0.97977441
-0.98499664
-0.98663406
-0.98861480
-0.99074222
-0.99054469
-0.98222065
-0.95497585
-0.89645311
-0.80680239
-0.71323828
-0.65928183
-0.66335434
-0.68721023
-0.65228503
-0.48840737
-0.17458573
0.24008034
0.64017938
0.89100782
0.91478703
0.73127377
0.43051617
0.12287817
-0.09498671
-0.16499841
-0.08507144
0.09699759
0.31595786
0.52628567
0.71154567
0.86702532
0.99781644
1.00000000
1.00000000
1.00000000
1.00000000
1.00000000
1.00000000
1.00000000
1.00000000
1.00000000
0.80779251
0.64030509
0.63794045
0.80758588
1.00000000
1.00000000
1.00000000
1.00000000
1.00000000
1.00000000
1.00000000
0.68497378
0.35280977
0.08261456
-0.07532353
-0.12120254
-0.10874336
-0.12346335
-0.21835839
-0.36126443
-0.45918186
-0.42721382
-0.23150072
0.10281610
0.50336338
0.88322314
1.00000000
1.00000000
1.00000000
0.96686544
0.64654189
0.44828362
0.47285330
0.66029442
0.85748923
0.96560843
1.00000000
1.00000000
1.00000000
1.00000000
1.00000000
1.00000000
1.00000000
1.00000000
0.76628408
0.24580804
-0.21013218
-0.50323847
-0.58398826
-0.46154504
-0.20705906
0.04899093
0.15991481
0.05027705
-0.22820305
-0.54229476
-0.78140012
-0.91516299
-0.97178388
-0.99016619
-0.99484645
-0.99584257
-0.99593952
-0.99570757
-0.99536185
-0.99508391
-0.99503611
-0.99525999
-0.99567595
-0.99616933
-0.99665625
-0.99708795
-0.99744871
-0.99774028
-0.99789079
-0.99769704
-0.99700393
-0.99597361
-0.99505628
-0.99464054
-0.99476853
-0.99515583
-0.99542956
-0.99541254
-0.99525289
-0.99526190
-0.99560626
-0.99617727
-0.99672658
-0.99705744
-0.99707868
-0.99676909
-0.99619860
-0.99557204
-0.99509162
-0.99463772
-0.99352283
-0.99075899
-0.98605990
-0.98084896
-0.97754377
-0.97690876
-0.97591846
-0.96778620
-0.94299858
-0.89014574
-0.80062509
-0.68130402
-0.56498401
-0.49803694
-0.50741580
-0.58180987
-0.68642977
-0.78868530
-0.86979977
-0.92414191
-0.95543199
-0.97146094
-0.97819208
-0.97637883
-0.96303949
-0.93705589
-0.90489251
-0.87913291
-0.86888266
-0.87292553
-0.88427570
-0.89858012
-0.91502617
-0.93226556
-0.94754426
-0.95864771
-0.96390997
-0.96068085
-0.94353587
-0.90169158
-0.81663869
-0.66702994
-0.44690602
-0.18562670
0.06385827
0.27960085
0.50326408
0.78335960
1.00000000
1.00000000
1.00000000
1.00000000
1.00000000
1.00000000
1.00000000
1.00000000
1.00000000
1.00000000
1.00000000
1.00000000
1.00000000
1.00000000
1.00000000
1.00000000
1.00000000
1.00000000
1.00000000
1.00000000
0.70158201
0.19486165
-0.28266470
-0.62656276
-0.81488891
-0.89156865
-0.91320174
-0.91033752
-0.87727860
-0.78596606
-0.61797605
-0.39516436
-0.17510941
-0.01132341
0.07920786
0.11421128
0.12097432
0.10051121
0.01375733
-0.17280564
-0.42919304
-0.67593025
-0.85136775
-0.94692458
-0.98754597
-1.00000000
-1.00000000
-1.00000000
-1.00000000
-0.99959394
-1.00000000
-1.00000000
-1.00000000
-1.00000000
-1.00000000
-1.00000000
-1.00000000
-1.00000000
-1.00000000
-1.00000000
-1.00000000
-1.00000000
-0.99664712
-0.97838555
-0.95072357
-0.92270890
-0.90902328
-0.91785875
-0.94306686
-0.97059114
-0.99053586
-1.00000000
-1.00000000
-1.00000000
-1.00000000
-1.00000000
-1.00000000
-1.00000000
-1.00000000
-1.00000000
-1.00000000
-1.00000000
-1.00000000
-1.00000000
-1.00000000
-1.00000000
-1.00000000
-1.00000000
-1.00000000
-1.00000000
-0.99046106
-0.96420486
-0.92490787
-0.88551151
-0.86581155
-0.87459798
-0.89763530
-0.90258942
-0.84766178
-0.68551885
-0.38351987
0.03221089
0.45535900
0.74728412
0.81669178
0.65662320
0.33291883
-0.03844076
-0.32500112
-0.42698073
-0.31146889
-0.00937054
0.40341254
0.81948536
1.00000000
1.00000000
1.00000000
1.00000000
1.00000000
0.94049279
0.62341158
0.21460943
-0.18275308
-0.46956898
-0.59066574
-0.52775873
-0.30070088
0.01712922
0.32408631
0.54938567
0.66568522
0.65038833
0.49381455
0.26215156
0.09355132
0.09018576
0.23136567
0.40405433
0.49716415
0.47288579
0.38095641
0.31290092
0.33050446
0.42329581
0.51343758
0.49454796
0.29962522
-0.03868713
-0.40322104
-0.67939327
-0.81982566
-0.83617640
-0.76364397
-0.64075519
-0.49599118
-0.33141448
-0.12762090
0.12475345
0.40212651
0.65945331
0.86472156
1.00000000
1.00000000
1.00000000
1.00000000
0.93526748
0.71820224
0.54290081
0.40538432
0.26123926
0.12645953
0.08447097
0.18830004
0.39271672
0.59456850
0.71199712
