0.48762273
0.50023326
0.49795979
0.45954562
0.39388766
0.32798085
0.28184028
0.26041810
0.25934984
0.26950478
0.28055414
0.28835497
0.29885995
0.32305800
0.36827724
0.42935871
0.48206018
0.49126653
0.43852754
0.34171996
0.24152314
0.17077614
0.13880602
0.13691498
0.15169552
0.17498762
0.20554692
0.24350787
0.28607616
0.33295263
0.39373366
0.48361211
0.60609968
0.73629008
0.82073736
0.80522690
0.67830847
0.48720978
0.30301080
0.17230953
0.10198358
0.07522474
0.07065399
0.07167080
0.06942841
0.06288532
0.05568408
0.05207577
0.05463905
0.06481711
0.08274139
0.10404684
0.11832494
0.11527101
0.09386865
0.06322221
0.03403017
0.01203489
0.00000000
0.00153069
0.01857005
0.04642628
0.07595897
0.10241088
0.12954751
0.16353563
0.20408805
0.24329150
0.27272774
0.28999296
0.29828833
0.30181218
0.30223007
0.29841678
0.28932526
0.27716670
0.26697338
0.26189007
0.25852972
0.24809847
0.22477005
0.19444965
0.17405734
0.18129366
0.22375062
0.29346914
0.36903698
0.42633347
0.45288276
0.45601820
0.46005604
0.49239235
0.56607983
0.67035042
0.77153477
0.82360523
0.79403780
0.69278126
0.57030784
0.48215373
0.45884081
0.50186532
0.59125999
0.69420794
0.77917846
0.82837181
0.83553141
0.80099027
0.74322118
0.70855858
0.74483875
0.85031430
0.95438659
0.96427431
0.84107439
0.63105123
0.42246540
0.27870338
0.21225795
0.20262195
0.22112728
0.24356618
0.25574940
0.25505185
0.24614595
0.23478371
0.22534124
0.22054894
0.21902987
0.21387101
0.19744078
0.16842844
0.13331708
0.10181923
0.08161468
0.07577532
0.08300479
0.09904611
0.11777843
0.13240133
0.13783522
0.13306036
0.12094456
0.10576763
0.09167814
0.08382521
0.08975406
0.11796146
0.17303989
0.25026381
0.33530204
0.41217768
0.47392719
0.52370380
0.56339455
0.58405712
0.57197947
0.52301965
0.44801713
0.36624203
0.29674518
0.25273353
0.23752289
0.24393572
0.25973106
0.27568824
0.29030980
0.30922990
0.33996225
0.38305548
0.42577552
0.44855394
0.44339012
0.42507592
0.41893224
0.43537088
0.45902599
0.46577942
0.44882915
0.42242424
0.40102260
0.38450585
0.36729121
0.35485415
0.36497679
0.41059316
0.47987136
0.53557264
0.54141924
0.49201201
0.41377174
0.33873739
0.28288618
0.24677051
0.22872542
0.23362225
0.26901097
0.33383319
0.41712748
0.51465287
0.63621544
0.77534289
0.87816189
0.87844501
0.77662289
0.65467353
0.59411292
0.59769348
0.60473227
0.56395513
0.47283401
0.35936017
0.25146532
0.16626965
0.11097302
0.08341562
0.07455578
0.07500547
0.08068812
0.09254948
0.11128900
0.13244775
0.14766577
0.15090612
0.14309790
0.13201191
0.12874528
0.14207589
0.17299421
0.21439610
0.25753939
0.29818435
0.33483312
0.36356666
0.38093941
0.39209788
0.40783157
0.43016587
0.44866226
0.45501085
0.45319745
0.45091046
0.44908971
0.44587557
0.44509284
0.45311376
0.46723182
0.47182197
0.44965297
0.39836801
0.33603360
0.28989528
0.27967614
0.30983994
0.37273068
0.45380721
0.53600092
0.60677961
0.66342622
0.70726811
0.73167342
0.72180410
0.66983873
0.58829114
0.50743873
0.45829688
0.45327715
0.48244216
0.53265523
0.60970497
0.73473062
0.91136318
1.00000000
1.00000000
1.00000000
1.00000000
0.87090143
0.70834669
0.60754803
0.56369183
0.54777746
0.52976102
0.50047637
0.48496776
0.53583836
0.70014586
0.96728740
1.00000000
1.00000000
1.00000000
1.00000000
0.77400222
0.57759744
0.48219982
0.45591290
0.45209164
0.43850584
0.40868949
0.37594745
0.35864972
0.37268699
0.43323191
0.54743278
0.69010077
0.79431311
0.79304027
0.68054468
0.51974909
0.38542195
0.31062260
0.28420307
0.28095398
0.28557972
0.29632119
0.31933117
0.36672770
0.45440273
0.58724445
0.74072994
0.86759512
0.93526751
0.95550079
0.96652209
0.98815721
1.00000000
1.00000000
1.00000000
1.00000000
1.00000000
1.00000000
1.00000000
0.96977895
0.63397012
0.41097278
0.30315828
0.25814489
0.22897435
0.19719253
0.16585576
0.14259791
0.12790379
0.11682921
0.10625692
0.09859292
0.09965546
0.11368798
0.13916302
0.16909950
0.19630962
0.21829588
0.23681464
0.25254009
0.26053219
0.25342003
0.23143029
0.20821077
0.20370592
0.22878401
0.27572127
0.32487620
0.36196404
0.38790553
0.41040025
0.42783931
0.42810437
0.40721660
0.38313889
0.38205100
0.41419628
0.46988887
0.53082104
0.57417381
0.57620387
0.52975806
0.45585613
0.38720675
0.34281586
0.32364853
0.32523246
0.34846303
0.40066108
0.48681014
0.59802676
0.71670159
0.83548190
0.95348674
1.00000000
1.00000000
1.00000000
0.90055944
0.80847207
0.75536248
0.72456607
0.68787578
0.63212946
0.56570808
0.50371170
0.45135762
0.40577795
0.36809043
0.34361355
0.33281546
0.32937336
0.32660146
0.32171586
0.31392976
0.30216523
0.28659419
0.27059419
0.25856963
0.25096358
0.24298767
0.23018232
0.21530025
0.20706005
0.21127807
0.22690595
0.25446023
0.30450509
0.38897275
0.50037805
0.60606091
0.67205647
0.69108200
0.67776442
0.63914867
0.56589360
0.45679714
0.33798065
0.24959687
0.21911789
0.24886753
0.32107830
0.41254436
0.51036621
0.61772301
0.74046013
0.86294736
0.94198843
0.93930761
0.86289451
0.76227394
0.68077917
0.62634866
0.58625940
0.54931664
0.50753674
0.45292472
0.38600784
0.32423610
0.29434735
0.31645808
0.39420154
0.51171982
0.63322358
0.71272973
0.71798008
0.65065419
0.54301449
0.43600298
0.35880450
0.32367191
0.33252512
0.38244417
0.46276948
0.55482787
0.64380462
0.73246404
0.83406110
0.94586554
1.00000000
1.00000000
0.98935172
0.87146576
0.76373205
0.72278347
0.75499709
0.80365504
0.79616032
0.71392348
0.60625798
0.53589693
0.52045419
0.52677665
0.51096077
0.45808774
0.38689517
0.32607579
0.29074456
0.27609327
0.26624749
0.24808569
0.21941714
0.18729005
0.15971675
0.13870607
0.12065787
0.10314209
0.09007781
0.08972348
0.10853243
0.14644892
0.19585925
0.24446727
0.28128762
0.30210241
0.30981399
0.30923107
0.30241792
0.29031392
0.27763396
0.27256881
0.27959991
0.29331051
0.30108995
0.29332279
0.27110983
0.24404891
0.22185798
0.20938119
0.20727146
0.21344144
0.22352253
0.23332107
0.24248375
0.25338890
0.26526488
0.27255569
0.27135316
0.26473026
0.25935815
0.25840370
0.26019636
0.26485122
0.28062748
0.32123227
0.39325310
0.48329715
0.55828836
0.58512532
0.55660345
0.49747476
0.44371065
0.41851766
0.42759228
0.47215591
0.56413907
0.71988084
0.92400080
1.00000000
1.00000000
1.00000000
0.93564912
0.78773288
0.68881124
0.61734663
0.53499978
0.43493368
0.34521439
0.29375520
0.28186991
0.29060565
0.30025905
0.29997904
0.28828448
0.27061122
0.25478523
0.24642579
0.24733820
0.25633458
0.27122793
0.29053850
0.31253385
0.33202961
0.34093958
0.33609277
0.32744741
0.33529989
0.37584040
0.44609634
0.52021799
0.56275018
0.55332663
0.50340965
0.44678029
0.41071794
0.39589024
0.38190372
0.34906307
0.29531548
0.23593275
0.18963049
0.16476051
0.15626658
0.15364090
0.15045222
0.14630228
0.14212474
0.13686373
0.12923076
0.12111156
0.11885851
0.13100755
0.16448587
0.22238211
0.30184478
0.39129104
0.47320606
0.53606352
0.58520191
0.64063752
0.72364724
0.83886504
0.95892284
1.00000000
1.00000000
0.93623073
0.84109760
0.76932746
0.71804907
0.66720820
0.59944332
0.50684538
0.40362591
0.33114961
0.33371938
0.42159630
0.55647330
0.67315575
0.72005733
0.68882557
0.61386189
0.54363901
0.50540143
0.49232517
0.48219352
0.46445150
0.44561203
0.43165663
0.41537000
0.38794012
0.35994770
0.36401814
0.42984680
0.54864409
0.66348507
0.71307715
0.69818384
0.69158555
0.76518595
0.91290039
1.00000000
1.00000000
1.00000000
0.85293123
0.63318009
0.43589360
0.30130270
0.23342223
0.21451355
0.22390144
0.24365064
0.25713013
0.25241150
0.22897534
0.19822617
0.17535559
0.16977900
0.18295650
0.21320654
0.25876869
0.31358167
0.36332694
0.39148432
0.39072255
0.36779365
0.34148325
0.33815100
0.38293248
0.48242303
0.60681376
0.69441595
0.69143860
0.59680110
0.46196974
0.34521732
0.27424068
0.24824580
0.25654406
0.28765056
0.33104799
0.37969932
0.42936980
0.47251375
0.49745931
0.49722652
0.47638030
0.44631562
0.41733267
0.39658243
0.38726024
0.38624035
0.38683143
0.38472267
0.37666323
0.35797636
0.33005467
0.30752422
0.31129683
0.35726380
0.44956880
0.56995548
0.66957180
0.68977217
0.60918071
0.46727543
0.33273270
0.25182188
0.23012886
0.25230582
0.30387883
0.37288296
0.44322242
0.49900905
0.53632092
0.56370347
0.58895793
0.60932125
0.61764295
0.61527080
0.61247303
0.61435605
0.61388615
0.60451380
0.59367602
0.59975254
0.64116228
0.72754509
0.85031689
0.97662152
1.00000000
1.00000000
0.95878449
0.80216293
0.63865064
0.51074863
0.43178045
0.39116248
0.37125613
0.36055412
0.35473557
0.35032584
0.34327963
0.33326323
0.32230921
0.30699611
0.27762288
0.22874531
0.16817901
0.11242751
0.07421311
0.05619217
0.05425751
0.06242383
0.07382000
0.08104471
0.07939760
0.06992795
0.05805468
0.04927327
0.04609239
0.04777031
0.05187032
0.05601341
0.05856861
0.05872189
0.05713297
0.05637260
0.05912253
0.06520069
0.07105661
0.07302001
0.07075865
0.06701632
0.06470977
0.06521894
0.06856821
0.07362608
0.07796584
0.07852706
0.07347390
0.06406697
0.05458217
0.04984816
0.05211875
0.05925797
0.06567596
0.06643313
0.06179520
0.05800053
0.06308636
0.08077870
0.10678461
0.13170119
0.14964186
0.16294784
0.17639096
0.18973812
0.19954930
0.20443049
0.20469556
0.20144358
0.20032953
0.21179455
0.24146541
0.28069588
0.31034211
0.31566559
0.29767051
0.27183030
0.25737116
0.26523442
0.29170303
0.32168612
0.33968302
0.34008511
0.32986719
0.32215122
0.32457906
0.33177704
0.33106923
0.31697295
0.29749235
0.28530303
0.28617840
0.29648727
0.30735054
0.30952059
0.29857234
0.27880087
0.26057261
0.25208772
0.25432587
0.26327051
0.27639769
0.30026212
0.35234003
0.44663097
0.56847482
0.67072442
0.71112475
0.69843784
0.68977894
0.73121855
0.80145151
0.82523068
0.75278288
0.61851541
0.50878813
0.47856680
0.50978005
0.54310674
0.53642577
0.48992535
0.42521191
0.35460550
0.27318765
0.17264392
0.05697994
0.00000000
0.00000000
0.00000000
0.00000000
0.00000000
0.00000000
0.00000000
0.00000000
0.00000000
0.00000000
0.00000000
0.10226422
0.20790867
0.29069306
0.34677381
0.38100314
0.39824539
0.39607800
0.36485299
0.29611468
0.19248727
0.07072367
0.00000000
0.00000000
0.00000000
0.00000000
0.00000000
0.00000000
0.00000000
0.00000000
0.00000000
0.00000000
0.00000000
0.00000000
0.00000000
0.00000000
0.00000000
0.00000000
0.00000000
0.00000000
0.00000000
0.00000000
0.00000000
0.00000000
0.00000000
0.00000000
0.00000000
0.00000000
0.00000000
0.00000000
0.00000000
0.00000000
0.00000000
0.00000000
0.00000000
0.00000000
0.00000000
0.00000000
0.00000000
0.00000000
0.00000000
0.00000000
0.00000000
0.00000000
0.00000000
0.00000000
0.00000000
0.00000000
0.00000000
0.00000000
0.00000000
0.00000000
0.00000000
0.00000000
0.00000000
0.00000000
0.00000000
0.00000000
0.04349915
0.13862244
0.23049735
0.29396412
0.31007202
0.28013836
0.22284357
0.15727983
0.09405649
0.04416075
0.02983074
0.07977729
0.20760303
0.38702140
0.55104315
0.63337033
0.62188658
0.56327867
0.51007450
0.47200631
0.42159772
0.33554751
0.22293304
0.11679915
0.04644418
0.02200839
0.04159460
0.10199867
0.19634284
0.30601845
0.40126061
0.45188468
0.44358121
0.39086460
0.33103215
0.29815082
0.30096420
0.32293043
0.33877136
0.33361830
0.31522244
0.31124272
0.35178414
0.44841707
0.58270440
0.70843219
0.76988443
0.73552502
0.62428059
0.49276446
0.39106747
0.33220776
0.29948984
0.27305123
0.24717391
0.22839897
0.22295191
0.22969179
0.24786855
0.29108051
0.38496483
0.53908780
0.71871758
0.85500182
0.89287907
0.82841177
0.70281389
0.57244813
0.48112932
0.43970585
0.42348900
0.39882408
0.35555449
0.30883993
0.27475288
0.25598796
0.24807581
