0.66443427
0.63794232
0.59256716
0.54283664
0.50079159
0.46418739
0.42004154
0.36334540
0.30746325
0.27330502
0.27219662
0.29898430
0.33564042
0.35986977
0.35519990
0.32043853
0.27634000
0.26171168
0.31130905
0.42743706
0.57317173
0.69730667
0.76655754
0.77504538
0.73133348
0.64800720
0.54598914
0.45748649
0.41191932
0.41567590
0.44621651
0.46592857
0.44633575
0.38729818
0.31667805
0.27416314
0.29594774
0.40342422
0.58939622
0.81465301
1.00000000
1.00000000
1.00000000
1.00000000
1.00000000
1.00000000
1.00000000
1.00000000
1.00000000
1.00000000
1.00000000
1.00000000
1.00000000
1.00000000
1.00000000
1.00000000
1.00000000
1.00000000
1.00000000
1.00000000
1.00000000
1.00000000
1.00000000
0.92877556
0.83005644
0.75701806
0.70602788
0.64824402
0.55420902
0.42671923
0.30249822
0.21860865
0.18380785
0.18115485
0.18801670
0.19124344
0.18972265
0.18793673
0.19166435
0.20964576
0.25090445
0.31380503
0.38149629
0.43231266
0.45165058
0.43520933
0.39393415
0.35831488
0.36031824
0.40169934
0.45049011
0.47297952
0.46247419
0.43802535
0.42525760
0.43868032
0.47342409
0.51068263
0.53624003
0.55203011
0.56208608
0.55403004
0.50913886
0.42959978
0.34634152
0.30198498
0.32893483
0.42766696
0.55143665
0.62480125
0.59934453
0.49493306
0.38100451
0.31680262
0.31146570
0.33410473
0.34798015
0.33252365
0.28653181
0.22222834
0.15655024
0.10372227
0.07232584
0.06580339
0.08456249
0.12728959
0.19005172
0.26661764
0.35446828
0.46008975
0.59106091
0.73960424
0.88098821
0.99225237
1.00000000
1.00000000
1.00000000
1.00000000
1.00000000
1.00000000
1.00000000
1.00000000
1.00000000
1.00000000
1.00000000
1.00000000
1.00000000
0.92185264
0.71871600
0.50267312
0.32066219
0.19502862
0.12077222
0.08295673
0.06950083
0.07509967
0.09924247
0.13802443
0.17832831
0.20623568
0.21980322
0.22641555
0.22769682
0.21472430
0.18168849
0.13860694
0.10304264
0.08104114
0.06378249
0.04287796
0.02413617
0.02487686
0.05817635
0.11687706
0.17219308
0.19270618
0.16940629
0.12279773
0.08321436
0.06384324
0.05544795
0.04560928
0.03632788
0.04159010
0.07175424
0.11994045
0.16163674
0.17165326
0.14643617
0.10748759
0.08137305
0.07951724
0.09668712
0.12136145
0.14400434
0.16013360
0.17268591
0.19321292
0.23461631
0.29556648
0.35525991
0.39291618
0.41133939
0.43094587
0.45889144
0.47418943
0.44879785
0.37841453
0.28985140
0.22401039
0.21571599
0.28278999
0.42206023
0.60975934
0.81012696
0.99034752
1.00000000
1.00000000
1.00000000
1.00000000
1.00000000
1.00000000
1.00000000
1.00000000
1.00000000
1.00000000
1.00000000
0.95330656
0.75659315
0.54779078
0.36625962
0.23853885
0.16884177
0.14519161
0.15378946
0.18393146
0.22020654
0.24144312
0.23513417
0.20860600
0.18044696
0.16440606
0.16574776
0.18522298
0.21796880
0.25513397
0.29320647
0.33320960
0.36716437
0.37797563
0.35961977
0.32664612
0.29465311
0.25948563
0.20924436
0.15352281
0.12653067
0.15851811
0.24855160
0.36096327
0.44507451
0.46591779
0.42643525
0.36217415
0.31180280
0.28905866
0.27776686
0.25205456
0.20374404
0.15130795
0.12152059
0.12651115
0.16153138
0.21667543
0.28165443
0.34515808
0.39920206
0.44101337
0.46879364
0.48295999
0.49118110
0.50074525
0.50539574
0.49012088
0.45082063
0.40327753
0.37251607
0.37548565
0.40610008
0.42956522
0.40202525
0.31106445
0.19352896
0.10506843
0.07511948
0.09165181
0.12017023
0.13342568
0.12772525
0.11631492
0.11271207
0.12350157
0.15224672
0.20109943
0.26469446
0.32421535
0.35275130
0.33271615
0.27205540
0.20164354
0.15500903
0.14956626
0.18295513
0.23940579
0.29650438
0.33056604
0.32524045
0.28253183
0.22224235
0.16405471
0.11317449
0.06878158
0.04057566
0.04588688
0.08857309
0.14712038
0.18812350
0.19052138
0.15832168
0.11570076
0.09291903
0.10963514
0.16187664
0.22524516
0.27890666
0.32787563
0.39600472
0.49722460
0.61925261
0.73581690
0.82888874
0.89578124
0.94068840
0.96822920
0.98500409
0.99975326
1.00000000
1.00000000
1.00000000
1.00000000
1.00000000
1.00000000
1.00000000
1.00000000
1.00000000
0.92787046
0.77401821
0.58987909
0.40561862
0.25488497
0.16228405
0.13208442
0.14909652
0.19267715
0.24703414
0.29587543
0.31605251
0.29161139
0.23615005
0.18701866
0.17020491
0.18059240
0.20126518
0.22804183
0.26512388
0.30696554
0.33608827
0.33691358
0.30932212
0.27141121
0.24947550
0.26206737
0.30834639
0.36619783
0.40313333
0.39708014
0.34809090
0.27136559
0.18896283
0.12928655
0.11945651
0.16695272
0.24923219
0.32503461
0.36094163
0.35177171
0.31778479
0.28406313
0.26349709
0.25512637
0.25157308
0.24604588
0.23609442
0.22653601
0.23123417
0.26746220
0.34261041
0.44572075
0.55270932
0.63903667
0.68972528
0.70229950
0.68310885
0.63944662
0.57473977
0.49264478
0.40316946
0.31846710
0.24409313
0.18196884
0.14055266
0.13314238
0.16287230
0.21294695
0.25913243
0.29464156
0.33593960
0.39917049
0.47503424
0.52717092
0.51528792
0.42918910
0.30409661
0.19366047
0.12569884
0.08951732
0.06241232
0.03803752
0.02840765
0.04725834
0.09724021
0.16981967
0.25119916
0.32611548
0.38058604
0.40758243
0.41152634
0.40481488
0.39757314
0.39001171
0.37360957
0.34006670
0.29373028
0.25728318
0.25908004
0.30897280
0.38647804
0.45252637
0.47584371
0.45530245
0.41890791
0.39832456
0.40526172
0.43239921
0.46717464
0.49898584
0.51803962
0.51286278
0.47190184
0.39463599
0.30520310
0.24789853
0.25735166
0.32678394
0.40748402
0.44543731
0.42221815
0.36268368
0.31148795
0.30530294
0.35214959
0.42093301
0.45606973
0.41965930
0.32464776
0.22161026
0.15783556
0.15822454
0.23303973
0.37839445
0.56480889
0.74426459
0.88086218
0.97134187
1.00000000
1.00000000
1.00000000
1.00000000
1.00000000
1.00000000
1.00000000
0.92015573
0.73789711
0.51555955
0.30195466
0.13910879
0.04084053
0.00000000
0.00360443
0.03671161
0.08189221
0.12378083
0.15583332
0.18337562
0.21940725
0.27278781
0.33694737
0.39136508
0.41791511
0.41717053
0.40721394
0.40525196
0.41198815
0.41660439
0.41482365
0.41558634
0.42767498
0.44451004
0.44736950
0.42575813
0.39243731
0.37345283
0.38136209
0.40343938
0.41887433
0.42043596
0.41533359
0.41493993
0.42960811
0.46172232
0.49561378
0.50431582
0.47277439
0.41056850
0.34452683
0.30338549
0.30001606
0.32024529
0.33311155
0.31783006
0.28072617
0.24625383
0.23159513
0.22833284
0.20997564
0.16031601
0.09263904
0.03807390
0.01640688
0.02106015
0.03098394
0.03446517
0.04270726
0.08134935
0.16578157
0.28184590
0.39099223
0.45530392
0.45989167
0.41751277
0.35644551
0.30157452
0.26340798
0.24271460
0.23965106
0.25609446
0.29388495
0.35067568
0.41102203
0.44396763
0.42300017
0.35123812
0.25819977
0.17311103
0.11055760
0.07735922
0.07930085
0.11755399
0.18636082
0.27787887
0.38505373
0.49893826
0.60753640
0.69870468
0.76254690
0.79148145
0.78086575
0.73147382
0.65156739
0.55444708
0.45204475
0.35172056
0.26144116
0.19534693
0.16670622
0.17429178
0.20252088
0.23593020
0.26578910
0.28335332
0.28041567
0.26275043
0.25465340
0.28198586
0.35008150
0.43707478
0.50946342
0.54868303
0.56263386
0.56818276
0.56997968
0.56380278
0.54919357
0.52845784
0.50017604
0.45975702
0.40381043
0.33506839
0.26730250
0.22368726
0.22325428
0.26564002
0.33199473
0.39967891
0.45142502
0.47382190
0.45834096
0.40749824
0.33525353
0.26117139
0.20366619
0.17041753
0.15361414
0.14489250
0.15716543
0.21989441
0.34419461
0.49351601
0.59357086
0.58124587
0.45660263
0.29086172
0.17877960
0.17448334
0.25967738
0.36231554
0.41053002
0.38301593
0.31427342
0.25357469
0.22593072
0.23192582
0.26918463
0.34158027
0.45062911
0.58377819
0.71142643
0.79749883
0.81846906
0.77302252
0.67548780
0.54847699
0.42208443
0.32498834
0.26700271
0.23839904
0.22848894
0.23284136
0.24086700
0.23355628
0.20243164
0.16114387
0.13198042
0.12658652
0.14124238
0.16387364
0.18255275
0.19150952
0.19280013
0.19149253
0.18961997
0.18675199
0.18459855
0.18694067
0.19323209
0.19475857
0.18218503
0.15773864
0.13442004
0.12187226
0.12035341
0.12976692
0.15265415
0.18208826
0.19807363
0.18543551
0.15043844
0.11461782
0.09715851
0.10790581
0.15041802
0.22019069
0.30041765
0.37113170
0.42585345
0.47050970
0.50565708
0.52057628
0.50580762
0.46435926
0.41393930
0.38320130
0.39523019
0.44331807
0.49041226
0.50187716
0.47236614
0.41823702
0.35674766
0.29888005
0.25338352
0.23212030
0.24761145
0.29669563
0.34807867
0.36090600
0.32221504
0.25904294
0.21060472
0.19435586
0.19901325
0.20085839
0.18329048
0.14977845
0.12259179
0.12322378
0.15135857
0.18741665
0.21493328
0.23379912
0.24973995
0.25877166
0.25016088
0.22438031
0.20334925
0.22330788
0.31773675
0.49771465
0.73801971
0.98248959
1.00000000
1.00000000
1.00000000
1.00000000
1.00000000
1.00000000
1.00000000
1.00000000
1.00000000
1.00000000
1.00000000
1.00000000
1.00000000
1.00000000
1.00000000
1.00000000
1.00000000
1.00000000
1.00000000
1.00000000
1.00000000
1.00000000
1.00000000
1.00000000
1.00000000
1.00000000
1.00000000
1.00000000
1.00000000
1.00000000
1.00000000
1.00000000
1.00000000
1.00000000
1.00000000
1.00000000
1.00000000
1.00000000
1.00000000
1.00000000
1.00000000
1.00000000
1.00000000
1.00000000
0.96023805
0.88706853
0.82359480
0.76856374
0.71105925
0.64251260
0.56835372
0.50343740
0.45695937
0.42801707
0.41346828
0.41019307
0.40883236
0.39359382
0.35270837
0.28937052
0.22277804
0.17680857
0.16348547
0.17619188
0.19965075
0.22418611
0.24777012
0.26827455
0.27986587
0.27614534
0.25433969
0.21840108
0.17933322
0.14875229
0.12943367
0.11305671
0.08849496
0.05274659
0.01431961
0.00000000
0.00000000
0.04269437
0.14888067
0.29141653
0.42434308
0.50369156
0.51589779
0.47525242
0.40232209
0.31154303
0.21438790
0.12555105
0.06029249
0.02453996
0.01324498
0.02444165
0.07052865
0.16390541
0.29206369
0.42005708
0.52144382
0.59747789
0.66731135
0.74981745
0.84393787
0.90449726
0.85059182
0.63208152
0.28998595
0.00000000
0.00000000
0.00000000
0.00000000
0.00000000
0.00000000
0.00000000
0.00000000
0.00000000
0.00000000
0.00000000
0.04100554
0.20736925
0.32732537
0.40133000
0.44534115
0.45979588
0.41879333
0.29971781
0.11515495
0.00000000
0.00000000
0.00000000
0.00000000
0.00000000
0.00000000
0.00000000
0.01919538
0.26983680
0.37496599
0.34111230
0.26730086
0.23826096
0.23915545
0.17813375
0.00000000
0.00000000
0.00000000
0.00000000
0.00000000
0.00000000
0.00000000
0.00000000
0.00000000
0.00000000
0.00000000
0.00000000
0.00000000
0.00000000
0.00000000
0.00000000
0.00000000
0.00000000
0.00000000
0.00000000
0.00000000
0.00000000
0.00000000
0.00000000
0.00000000
0.00000000
0.00000000
0.00000000
0.00000000
0.00000000
0.00000000
0.00000000
0.00000000
0.00000000
0.00000000
0.00000000
0.00000000
0.00000000
0.00000000
0.00000000
0.00000000
0.00000000
0.00000000
0.00000000
0.00000000
0.05789848
0.22396939
0.33389785
0.33971011
0.25149828
0.12972113
0.03496642
0.00000000
0.00000000
0.04305227
0.13366076
0.25649600
0.37704001
0.45496520
0.46885788
0.42225580
0.33518632
0.23311163
0.13611081
0.05125181
0.00000000
0.00000000
0.00000000
0.00000000
0.00000000
0.00000000
0.00000000
0.06398695
0.25077120
0.39852684
0.49801377
0.56282854
0.60372886
0.61298670
0.57540668
0.49556316
0.40732881
0.34973697
0.33624738
0.35133065
0.36955380
0.37148223
0.34809115
0.30132228
0.24213049
0.18373752
0.13448546
0.09676600
0.07184746
0.06695909
0.09704590
0.17317089
0.28385126
0.39070596
0.45069524
0.44794703
0.40352680
0.35508486
0.33099622
0.34228129
0.38703746
0.45067644
0.50652907
0.53124171
0.52067154
0.48324855
0.42604085
0.36021058
0.31197870
0.30834926
0.34916512
0.40648910
0.45321775
0.48137297
0.49419368
