0.90209948
0.84177012
0.75577422
0.69413401
0.68336996
0.70122986
0.69887172
0.64791937
0.56039008
0.46609526
0.38169005
0.30742427
0.24698735
0.21604103
0.22629479
0.26893303
0.31756285
0.34332659
0.32802362
0.27253465
0.19735437
0.13085381
0.09488060
0.09865146
0.13624593
0.18412805
0.21022886
0.19721587
0.15643388
0.11610769
0.10144084
0.12791833
0.20490665
0.33450744
0.49910335
0.64877658
0.71551360
0.65987295
0.50603415
0.32244440
0.17040894
0.07386788
0.02591912
0.00907080
0.00787765
0.01187802
0.01528539
0.01656743
0.01697925
0.01809156
0.02047769
0.02363223
0.02598083
0.02528659
0.02020923
0.01197996
0.00410575
0.00000000
0.00113128
0.00774849
0.02077799
0.04280396
0.07775109
0.13017857
0.20518654
0.30780389
0.43624878
0.56806564
0.65635932
0.65463246
0.55535103
0.40151429
0.25555822
0.15694412
0.10908405
0.09900049
0.12228097
0.18931477
0.31034863
0.47433891
0.64300956
0.76918845
0.82624269
0.82389397
0.79518351
0.76494358
0.73646759
0.71066033
0.70040835
0.71167563
0.72445628
0.71210470
0.67645378
0.64783437
0.65305357
0.69464950
0.75530221
0.80822215
0.82754325
0.80127682
0.73865097
0.66522453
0.61048691
0.59600794
0.63155562
0.71918125
0.85210088
1.00000000
1.00000000
1.00000000
1.00000000
1.00000000
1.00000000
1.00000000
1.00000000
1.00000000
1.00000000
0.97110209
0.83398783
0.65415804
0.48779600
0.37395853
0.32030529
0.31387020
0.33659648
0.37517441
0.41998873
0.45696490
0.46623309
0.43255873
0.35684612
0.25808305
0.16369968
0.09401769
0.05330132
0.03400177
0.02672302
0.02543605
0.02662948
0.02758439
0.02647392
0.02311945
0.01892051
0.01576941
0.01472783
0.01550293
0.01739857
0.02066682
0.02666841
0.03787517
0.05901183
0.09913857
0.16952766
0.27098332
0.37864353
0.45008768
0.46032797
0.42152777
0.36076547
0.29209467
0.21996467
0.15524308
0.11466717
0.10842827
0.13205297
0.16681616
0.18957411
0.18997088
0.17910438
0.17971281
0.21003530
0.27677953
0.37437169
0.48318134
0.57275432
0.61707072
0.60970489
0.56039732
0.48211272
0.39276769
0.32249070
0.29876939
0.31935012
0.34954244
0.35184588
0.31733841
0.26875509
0.23706261
0.23606011
0.25775022
0.28920435
0.32950566
0.38648163
0.45929288
0.53163756
0.58574713
0.62141398
0.65872434
0.71980566
0.80768069
0.90642855
0.99988746
1.00000000
1.00000000
1.00000000
1.00000000
0.89650505
0.73116521
0.58928186
0.47587576
0.37314056
0.26918637
0.17130515
0.09552455
0.05007153
0.03037025
0.02562991
0.02638745
0.02800037
0.02989369
0.03273240
0.03584132
0.03735591
0.03616349
0.03329880
0.03138708
0.03280567
0.03912996
0.05284595
0.07918629
0.12319282
0.18020034
0.22884433
0.24213244
0.21384743
0.17172017
0.15977853
0.20714375
0.30884304
0.42925998
0.52875194
0.59398258
0.63583463
0.65739198
0.64463952
0.59906764
0.55822968
0.56781516
0.63951362
0.73924533
0.80990173
0.80782639
0.72829682
0.60538008
0.49054155
0.42484410
0.42063020
0.46246262
0.52178410
0.57253319
0.60278847
0.61921285
0.63843233
0.67253080
0.72212359
0.77968114
0.83519017
0.87835761
0.89911090
0.89290819
0.86918157
0.84951684
0.85146156
0.87652256
0.91259165
0.93606479
0.91093995
0.80739672
0.63650485
0.45832613
0.34618408
0.34622626
0.46523262
0.67426256
0.91097618
1.00000000
1.00000000
1.00000000
1.00000000
0.92800000
0.82964104
0.71060534
0.55585565
0.39192070
0.26419411
0.19624019
0.18126158
0.20611148
0.27181392
0.38484475
0.52922481
0.65688605
0.71781106
0.70103991
0.63828718
0.56659093
0.49530501
0.41368457
0.32194722
0.24120392
0.19128153
0.17098640
0.16607371
0.16850468
0.18136307
0.20882362
0.24982189
0.30290400
0.37001737
0.44631259
0.50972616
0.53363567
0.51442166
0.48029851
0.46723039
0.48645893
0.52136592
0.55541296
0.58766921
0.61733914
0.63749255
0.65510950
0.69210496
0.74612309
0.76856819
0.70616273
0.55875890
0.37985597
0.22730121
0.12619559
0.07118756
0.04628708
0.03763168
0.03603866
0.03639903
0.03730534
0.03985179
0.04471935
0.05048028
0.05471528
0.05589789
0.05402510
0.05055729
0.04810832
0.04939744
0.05617335
0.06930512
0.09021431
0.12275811
0.17537645
0.26078127
0.38848116
0.55353957
0.73441354
0.90131695
1.00000000
1.00000000
1.00000000
1.00000000
0.98005781
0.97345036
0.99892668
1.00000000
1.00000000
1.00000000
1.00000000
1.00000000
0.92936525
0.81171994
0.74542571
0.74519666
0.80567193
0.91755262
1.00000000
1.00000000
1.00000000
1.00000000
1.00000000
1.00000000
0.83176618
0.67737371
0.57656042
0.51525254
0.48643650
0.48775814
0.50577142
0.51495684
0.49136753
0.42782043
0.34154440
0.26721009
0.23539051
0.25007170
0.28363539
0.29689612
0.26990021
0.21416438
0.15603559
0.11346111
0.08883489
0.07577723
0.06791656
0.06465725
0.07345275
0.10909588
0.18878894
0.31980014
0.48643024
0.65304473
0.78610631
0.87139046
0.90956490
0.90308959
0.85545036
0.78572123
0.73559481
0.74202117
0.79597618
0.84328849
0.83296911
0.75582178
0.64061922
0.53366884
0.48229111
0.51179427
0.60416201
0.71113656
0.79828657
0.86558733
0.91756110
0.93233557
0.87995805
0.75909237
0.59955363
0.44119374
0.32491261
0.29005586
0.35676832
0.50107734
0.65242968
0.73013742
0.69584952
0.57858271
0.44948393
0.36649905
0.33502574
0.31913401
0.28947462
0.25541420
0.25173459
0.30450197
0.41316326
0.55720235
0.71361229
0.86416383
0.98618286
1.00000000
1.00000000
0.92951803
0.82016601
0.75290051
0.74291591
0.75885240
0.76237569
0.74612913
0.73091896
0.73495397
0.75815337
0.79387934
0.83658012
0.87329335
0.88677043
0.87285798
0.83633928
0.76868872
0.65330002
0.49609577
0.33234374
0.19941326
0.11260205
0.06544316
0.04323599
0.03330647
0.02825405
0.02526214
0.02379708
0.02376574
0.02487755
0.02784657
0.03626738
0.05747041
0.10002326
0.16657373
0.24604254
0.31577114
0.35767440
0.37345380
0.37999442
0.38961980
0.39876992
0.39718185
0.38530152
0.37935585
0.40026258
0.46015906
0.55530740
0.66405412
0.75316699
0.79589816
0.78780300
0.74488723
0.68955750
0.63765403
0.59156477
0.54456712
0.49776691
0.47164418
0.49427307
0.57626776
0.70020988
0.83327118
0.94642064
1.00000000
1.00000000
1.00000000
0.90818064
0.76557773
0.61668102
0.49983483
0.43853925
0.43409090
0.47045288
0.52259028
0.56305509
0.57387168
0.56123441
0.55305879
0.57600731
0.63376068
0.70363204
0.75370440
0.76977634
0.76803443
0.77913503
0.82144848
0.89175178
0.97780662
1.00000000
1.00000000
1.00000000
1.00000000
1.00000000
0.83440808
0.59333324
0.43044598
0.36590192
0.37199997
0.40889892
0.45301161
0.50498352
0.57669831
0.67263571
0.78269174
0.88965528
0.98255499
1.00000000
1.00000000
1.00000000
1.00000000
1.00000000
0.92237800
0.82902663
0.82887742
0.92027942
1.00000000
1.00000000
0.94837454
0.73809347
0.50327833
0.31130550
0.18686847
0.11952084
0.08565002
0.06523793
0.04900772
0.03680125
0.03271810
0.04260726
0.07533422
0.14142918
0.24284651
0.36423304
0.48631931
0.61635056
0.79006661
1.00000000
1.00000000
1.00000000
1.00000000
1.00000000
0.95114493
0.71291384
0.52982235
0.45154579
0.49794921
0.64031095
0.81273342
0.94113075
0.97140958
0.89513260
0.76013388
0.64418749
0.60259602
0.63314591
0.68509409
0.69975812
0.65168048
0.56211237
0.47554521
0.41997067
0.38995947
0.37002269
0.36684149
0.40532172
0.49146765
0.59155729
0.66131998
0.69550022
0.73875505
0.84262112
1.00000000
1.00000000
1.00000000
1.00000000
1.00000000
1.00000000
1.00000000
1.00000000
1.00000000
0.94214939
0.82330037
0.68281119
0.57653829
0.54667177
0.58549713
0.63356270
0.62114965
0.52292139
0.37362574
0.23196120
0.13538995
0.08716352
0.07118981
0.06919355
0.06851442
0.06384999
0.05671558
0.05324737
0.06206582
0.09270923
0.15167988
0.23313289
0.31184168
0.35394712
0.34522974
0.30875843
0.28854377
0.31620287
0.39518937
0.51000553
0.63983692
0.76333323
0.85879063
0.90987830
0.91733320
0.90335135
0.89556860
0.90229306
0.90581129
0.88058526
0.81801187
0.73643136
0.66958306
0.64861559
0.69848928
0.83538761
1.00000000
1.00000000
1.00000000
1.00000000
1.00000000
1.00000000
1.00000000
1.00000000
1.00000000
1.00000000
1.00000000
1.00000000
1.00000000
1.00000000
1.00000000
1.00000000
1.00000000
1.00000000
1.00000000
0.92993265
0.81083088
0.70981804
0.63106997
0.56713867
0.50026669
0.41584474
0.31781566
0.23214070
0.19476064
0.23406863
0.35388524
0.52207064
0.68363554
0.79854401
0.85966457
0.86883684
0.81971151
0.72531858
0.64338269
0.64198779
0.73230964
0.85115627
0.92420001
0.94380284
0.97386555
1.00000000
1.00000000
1.00000000
1.00000000
1.00000000
1.00000000
0.90816669
0.69672607
0.50473083
0.35709287
0.26777309
0.24008629
0.26974419
0.34062257
0.41807064
0.45565070
0.42167947
0.32483744
0.20808097
0.11425464
0.05978424
0.03688039
0.03020088
0.02850668
0.02704046
0.02541719
0.02466461
0.02499802
0.02529423
0.02420453
0.02146433
0.01782838
0.01425528
0.01157888
0.01043441
0.01114873
0.01389264
0.01871074
0.02485125
0.03029329
0.03262216
0.03064285
0.02541988
0.02018334
0.01866787
0.02214642
0.02762662
0.02972470
0.02520391
0.01589772
0.00684046
0.00166254
0.00039718
0.00137898
0.00373649
0.00770689
0.01367288
0.02124567
0.02870625
0.03361223
0.03474811
0.03363332
0.03395938
0.03989647
0.05503227
0.08165074
0.11967851
0.16785415
0.22898821
0.31288121
0.42757675
0.56296236
0.68564595
0.75712600
0.76050540
0.70944328
0.63358423
0.55918833
0.50123753
0.46423944
0.44398383
0.43215790
0.42509510
0.42713356
0.44198131
0.46170006
0.46941807
0.45542077
0.42705830
0.40072478
0.38720863
0.38600940
0.38923742
0.38887516
0.38298200
0.37836370
0.38812974
0.42466134
0.49146721
0.58032410
0.67584664
0.76230173
0.83035735
0.88570834
0.94907602
1.00000000
1.00000000
1.00000000
1.00000000
1.00000000
1.00000000
1.00000000
0.98111538
1.00000000
1.00000000
1.00000000
1.00000000
1.00000000
0.91710116
0.77032410
0.67658896
0.65378616
0.67809362
0.71548754
0.74664245
0.75768526
0.72068599
0.60767899
0.42815250
0.23485380
0.08354670
0.00000000
0.00000000
0.00000000
0.00000000
0.00000000
0.01480486
0.13162352
0.29866542
0.49268732
0.68040817
0.82978415
0.91842457
0.93638982
0.88330801
0.76774504
0.61068418
0.44030653
0.27871898
0.13829923
0.02757332
0.00000000
0.00000000
0.00000000
0.00000000
0.00000000
0.00000000
0.00000000
0.00000000
0.00000000
0.00000000
0.00000000
0.00000000
0.00000000
0.00000000
0.00000000
0.00000000
0.00000000
0.00000000
0.00000000
0.00000000
0.00000000
0.00000000
0.00000000
0.00000000
0.00000000
0.00000000
0.00000000
0.00000000
0.00000000
0.00000000
0.00000000
0.00000000
0.00000000
0.00000000
0.00000000
0.00000000
0.00000000
0.00000000
0.00000000
0.00000000
0.00000000
0.00000000
0.00000000
0.00000000
0.00000000
0.00000000
0.00000000
0.00000000
0.00000000
0.00000000
0.00000000
0.00000000
0.00000000
0.01268055
0.06598451
0.15575238
0.28237346
0.42455251
0.54251311
0.60219642
0.59538296
0.53624511
0.44781278
0.35602476
0.28606112
0.25431186
0.26296293
0.30495399
0.37473134
0.47409460
0.60531550
0.75755830
0.90208157
1.00000000
1.00000000
0.96894915
0.82920760
0.63942572
0.43941593
0.26939274
0.16620555
0.15757656
0.24784553
0.40526121
0.57189290
0.70085483
0.78357413
0.83427212
0.85966090
0.85608281
0.82192786
0.76045337
0.68120937
0.60292988
0.54258825
0.50104036
0.46886978
0.44218892
0.42465989
0.41959041
0.42514303
0.43197424
0.42478295
0.39292023
0.34252039
0.29664704
0.28295926
0.31809534
0.39686879
0.49399005
0.58051680
0.64217686
0.67962728
0.69164561
0.66732619
0.60367336
0.52817819
0.49429547
0.54463663
0.67281011
0.82057865
0.91519575
0.91396505
0.82286464
0.68954276
0.58330736
0.56245422
0.64022533
0.77987009
0.92598108
1.00000000
1.00000000
