-0.66880393
-0.61723405
-0.55856072
-0.36943521
-0.30226548
-0.44241797
-0.58805894
-0.47660541
-0.34329257
-0.18213939
-0.05186017
0.06968749
0.14439545
0.20241844
0.04848277
-0.25150999
-0.39376561
-0.37667988
-0.19815579
0.31601905
0.65061996
0.70800926
0.75768415
0.74447032
0.76699604
0.62792303
0.35916133
0.12259913
0.10888192
0.16116659
0.07244470
-0.16595372
-0.39251964
-0.58105896
-0.74019671
-0.68144468
-0.75613497
-0.44381374
0.00005445
0.29973483
0.62502375
0.73712880
0.76079346
0.78180569
0.76561869
0.73817013
0.72984509
0.76404995
0.78318301
0.74725804
0.54111812
0.74139798
0.79157455
0.78673826
0.76833769
0.72725687
0.76015288
0.70046669
0.69563116
0.75936494
0.75985180
0.74606622
0.78946462
0.75221274
0.73427199
0.77547870
0.66626237
0.62432672
0.50653852
0.11034672
-0.27229776
-0.28408372
-0.11006522
0.11842202
0.13018439
0.10261320
0.20590979
0.24361593
0.19907165
0.15914284
0.03765923
-0.05687263
-0.04406665
-0.08229060
-0.24911241
-0.32201231
-0.51103041
-0.76470229
-0.78043484
-0.78336970
-0.71586382
-0.74008467
-0.73708260
-0.79232572
-0.82334961
-0.76193429
-0.77006948
-0.71464759
-0.76534954
-0.77279806
-0.72798931
-0.73679983
-0.72146231
-0.73881692
-0.73678962
-0.76626900
-0.75495346
-0.76926120
-0.73429808
-0.78209351
-0.80561355
-0.77474490
-0.80087965
-0.78308111
-0.77893952
-0.80744378
-0.78481316
-0.73593046
-0.70988491
-0.57676700
-0.21488703
-0.05802983
0.00258661
0.02446938
0.11587701
0.07551808
-0.00885379
0.02059419
-0.02846410
0.07993072
0.29691391
0.43095407
0.77343509
0.82620331
0.84361253
0.83229592
0.80930510
0.85191076
0.83163097
0.83141169
0.82690531
0.79173339
0.83957981
0.79543317
0.83671657
0.81865824
0.81788516
0.81025637
0.80515955
0.77260096
0.54237485
0.31220300
0.10630033
-0.22917180
-0.25079501
-0.47871411
-0.61577975
-0.71159893
-0.66720202
-0.51579729
-0.32828573
-0.22628938
0.01054754
0.08248644
0.17518218
0.31052938
0.23717105
0.09302872
-0.02847921
0.05083352
0.12313327
0.15823561
0.14235377
0.07119778
0.04168317
0.02139436
-0.23238509
-0.57579398
-0.62347225
-0.57335489
-0.28958413
0.08334227
0.12887867
0.10199709
0.12479389
-0.00907133
-0.03465530
0.00555505
0.13024547
0.10184109
0.03304644
-0.03546516
-0.10755161
-0.16921755
-0.14424592
-0.32394688
-0.22988192
-0.40424684
-0.48804944
-0.57609190
-0.76306902
-0.81208532
-0.84689239
-0.85832143
-0.82513941
-0.83985206
-0.81921198
-0.80672148
-0.70704891
-0.34033132
-0.02907572
0.11377694
0.19329462
0.37285217
0.59767415
0.74573026
0.82865384
0.85998481
0.84694173
0.84911788
0.82961349
0.85791942
0.85936598
0.85375105
0.85399551
0.84628351
0.85518256
0.84875704
0.84400056
0.84807693
0.81670541
0.74548231
0.43781590
0.28825428
0.12767649
-0.13925963
-0.51887575
-0.54594084
-0.57525516
-0.69388482
-0.79349743
-0.82990014
-0.87980939
-0.83419786
-0.77066625
-0.76948188
-0.80345845
-0.74862376
-0.71415049
-0.82129026
-0.84972898
-0.83880691
-0.78063012
-0.80465087
-0.70098170
-0.81625837
-0.77218040
-0.76209362
-0.76388193
-0.79227117
-0.77456541
-0.78253801
-0.79643957
-0.75241668
-0.76331355
-0.75784819
-0.75998728
-0.77893226
-0.73722317
-0.74255666
-0.67787079
-0.67209995
-0.61864750
-0.58702309
-0.55787669
-0.54173453
-0.58114539
-0.64874982
-0.69398206
-0.71403885
-0.71638566
-0.75326022
-0.71566865
-0.70387964
-0.72235636
-0.80408601
-0.86047755
-0.82036144
-0.83693086
-0.85208729
-0.85938833
-0.85877080
-0.85672274
-0.76855345
-0.57695521
-0.13690172
0.00753403
0.04775633
0.03817853
0.03779985
0.08012789
0.07870738
-0.07447140
-0.43861892
-0.58476930
-0.45573358
-0.49785432
-0.50600395
-0.30278572
-0.15003473
-0.01521091
-0.12738838
-0.14136343
-0.17078697
-0.13731974
-0.11642132
0.01239326
0.15233609
0.19433309
0.15611809
-0.09936442
-0.62080144
-0.78211712
-0.85502776
-0.84479488
-0.86433100
-0.86797890
-0.83774564
-0.78903131
-0.67826059
-0.51618838
-0.45514620
-0.41117681
-0.23267508
-0.12693342
-0.05810599
-0.10240138
-0.07365496
0.12946797
0.52046060
0.76104955
0.80780112
0.82809209
0.81320702
0.82141372
0.82652041
0.83093187
0.80838570
0.81547219
0.83150023
0.81855372
0.83920681
0.83418732
0.82958553
0.83312539
0.84578171
0.82453421
0.84141774
0.84419745
0.83637052
0.76795801
0.56635306
0.45163230
0.37937519
0.29781555
-0.16047847
-0.64803263
-0.68965869
-0.68115528
-0.68062598
-0.76104923
-0.79310641
-0.86377118
-0.86447344
-0.89861749
-0.85469261
-0.76720611
-0.78741289
-0.81737685
-0.74529103
-0.75080230
-0.72980202
-0.78740266
-0.78999460
-0.80192111
-0.88381461
-0.87588744
-0.91516371
-0.89515628
-0.91601378
-0.88394112
-0.86257894
-0.82746928
-0.81914472
-0.72536323
-0.69451270
-0.66317887
-0.30814866
-0.09120314
-0.18887060
0.02982112
0.18217645
0.26697028
0.22684413
0.24260299
0.20721893
0.04177902
0.29685014
0.63870946
0.85071170
0.87276720
0.87850167
0.88149028
0.88763061
0.89670352
0.86366350
0.87528340
0.84856246
0.66977624
0.35588540
0.07387092
-0.21306241
-0.43162939
-0.70130041
-0.81359778
-0.85538575
-0.89277713
-0.88747599
-0.89932308
-0.89759208
-0.92162125
-0.92433262
-0.93937572
-0.95091261
-0.96700633
-0.90921432
-0.93691759
-0.94745926
-0.93046811
-0.94973350
-0.93848892
-0.82866995
-0.92726162
-0.93661023
-0.90573347
-0.92198685
-0.82985507
-0.68670124
-0.48985252
-0.40309333
-0.36041514
-0.56941133
-0.58742042
-0.35576151
-0.46297874
-0.53508614
-0.69876880
-0.75022891
-0.91243947
-0.85478077
-0.83685423
-0.87139416
-0.86376449
-0.82311760
-0.88408496
-0.91939640
-0.92781234
-0.93275805
-0.94712958
-0.93485919
-0.95323403
-0.92471022
-0.94442269
-0.94146974
-0.94772632
-0.96321309
-0.95251124
-0.90813886
-0.86291383
-0.87139556
-0.87796569
-0.72472918
-0.56498280
-0.58592058
-0.55779366
-0.69907492
-0.71365875
-0.55693612
-0.18747788
0.16836057
0.34317130
0.49679995
0.87043990
0.93002838
0.90601150
0.92263841
0.93127256
0.93885333
0.93117012
0.91845741
0.93817253
0.93117662
0.92336788
0.94778824
0.97357310
0.81801437
0.41027051
0.13049858
0.10198250
0.06260124
0.01619718
0.00710402
0.04470068
0.11940988
0.14501558
0.11213736
0.11910063
0.11669576
0.07229018
0.07087146
0.09999403
0.26357667
0.18835502
0.11693565
0.18740081
0.18675275
0.02526546
0.16247082
0.23928262
0.27422730
0.17273423
-0.03679129
-0.08183371
-0.11268979
-0.07577990
-0.18787400
-0.37416369
-0.52002188
-0.59189246
-0.78862759
-0.90748087
-0.90152416
-0.91186791
-0.84559174
-0.73504542
-0.73494115
-0.84449944
-0.88197138
-0.96329751
-0.92869147
-0.89160918
-0.92842886
-0.96451668
-0.97499848
-0.94415245
-0.91035907
-0.91202905
-0.93292209
-0.89985490
-0.76750010
-0.47511175
-0.28102178
-0.17738632
-0.13217544
-0.03940104
0.08298680
0.15177180
0.18215913
0.26224551
0.19371922
0.23729382
0.24582538
0.25875079
0.15360571
0.17947962
0.01784175
-0.21078963
-0.14267408
0.00863745
-0.14729700
-0.13544155
-0.28149292
-0.50551592
-0.70470115
-0.55806206
-0.09254568
-0.03323662
-0.09935928
-0.15252920
0.16118619
0.47283646
0.66886609
0.91460711
0.96914708
0.97168915
0.98238619
0.96985770
0.97186632
0.96410051
0.97494819
0.95846159
0.96161425
0.90414965
0.77707944
0.44084831
0.03324159
-0.19648050
-0.49885113
-0.63229599
-0.80512664
-0.88653926
-0.93701851
-0.93330540
-0.92219690
-0.89229660
-0.86816882
-0.87919134
-0.86457200
-0.88245319
-0.91066837
-0.91808391
-0.94175176
-0.88921279
-0.83980604
-0.86192359
-0.77507722
-0.74989872
-0.62947675
-0.52383863
-0.71327721
-0.58209916
-0.44715759
-0.44224220
0.05233928
0.25669675
0.22671440
-0.05487688
-0.27160032
-0.38890361
-0.45718261
-0.66743164
-0.73646638
-0.77425226
-0.79850802
-0.80605072
-0.89088037
-0.94377024
-0.94445777
-0.96771927
-0.93445292
-0.94350304
-0.96706099
-0.95903005
-0.94847236
-0.92478113
-0.93150461
-0.86172848
-0.72464044
-0.40175368
0.18327324
0.32789541
0.40942763
0.59145051
0.84072964
0.91392100
0.94497945
0.97643600
0.96863928
0.99707792
0.98818694
0.98598318
0.98600736
0.97723410
0.99678879
0.89120594
0.41560942
0.12593196
0.41639076
0.40192052
0.31998487
0.18351799
0.07329266
-0.11564813
-0.55232841
-0.68569530
-0.48180879
-0.33706995
-0.20544921
0.03417159
-0.20556818
-0.24949838
-0.42603962
-0.51981949
-0.67875873
-0.72590740
-0.81705747
-0.91173944
-0.90773222
-0.91349396
-0.91559395
-0.91121011
-0.91131943
-0.90594705
-0.83981072
-0.85116595
-0.89644798
-0.90573429
-0.90861910
-0.90561740
-0.91204076
-0.91076677
-0.91851293
-0.90074414
-0.91922029
-0.89921670
-0.90774962
-0.92152653
-0.91464395
-0.88978936
-0.88051588
-0.83719695
-0.73967575
-0.67865068
-0.79529037
-0.62033638
-0.42066536
-0.35621149
-0.57393856
-0.66863115
-0.74141092
-0.86901463
-0.91646023
-0.92057882
-0.89364916
-0.86365136
-0.87258455
-0.85087203
-0.79580666
-0.84490511
-0.87282120
-0.85521479
-0.87397814
-0.86601564
-0.85724795
-0.80634862
-0.79097986
-0.74724920
-0.79309267
-0.91506146
-0.94881632
-0.92127964
-0.72276370
-0.27475897
0.11022420
0.26869644
0.34644767
0.31179444
0.14257004
-0.15411459
0.24529812
0.91118438
0.99868619
1.00000000
0.99402708
0.98452772
0.97457991
0.97776169
0.96905104
0.96632099
0.97785726
0.96732720
0.96242582
0.97600323
0.96409206
0.96063697
0.95335165
0.97684458
0.97049975
0.93784237
0.93422496
0.96339418
0.97412537
0.95811898
0.97555406
0.96420670
0.95613827
0.95101433
0.95725840
0.95709580
0.95392148
0.96504685
0.95053306
0.96513627
0.95695821
0.96242397
0.96655763
0.96732047
0.96570960
0.95495325
0.95975999
0.94851651
0.95535199
0.94905177
0.95674345
0.94010479
0.92754033
0.95665831
0.94503008
0.94412497
0.96055508
0.95348411
0.95401582
0.92566750
0.80171960
0.46308505
0.19582486
0.21273490
0.13265907
-0.07952201
0.14642688
0.22203302
0.23960482
0.24625773
0.23631349
0.19872414
0.17916173
0.19928677
0.23926502
0.20003177
0.12076908
0.10487935
0.12317891
0.04733672
0.07840212
0.09995499
0.10674278
0.20216880
0.17675966
0.21495078
0.23266353
0.13022507
0.11364943
0.01798459
-0.04119242
-0.10879651
-0.20141456
-0.30798111
-0.29218802
-0.26171062
-0.29861804
-0.64548256
-0.81918650
-0.86844204
-0.86752818
-0.86569711
-0.83430571
-0.78926270
-0.74177397
-0.74648366
-0.79521472
-0.82435627
-0.80635596
-0.81614657
-0.80922638
-0.85815191
-0.85090896
-0.83954150
-0.81146764
-0.79960705
-0.77295973
-0.78536546
-0.49530869
-0.15356330
-0.36350149
-0.15812613
-0.29489135
-0.02531341
-0.29335147
-0.22772842
-0.23975106
-0.13260047
-0.13886136
-0.29244515
-0.77619602
-0.68020307
-0.69989873
-0.65184463
-0.67924806
-0.74539034
-0.71669611
-0.42518154
-0.05490643
-0.05876746
0.16115922
0.18407886
0.17847710
0.74642493
0.32098257
0.62783939
0.67651132
0.66923445
0.21509241
0.18987254
0.14003817
0.01811483
0.07643001
-0.15396867
0.05509782
0.19652458
0.40446675
0.00842164
0.02196585
0.00675955
-0.15150418
-0.47254738
-0.69339637
-0.62846182
-0.75749814
-0.85793737
-0.70792149
-0.76519238
-0.81177069
-0.72906780
-0.72051885
-0.73520399
-0.78004027
-0.76873728
-0.74653664
-0.75382360
-0.81173118
-0.80105084
-0.80386724
-0.77113691
-0.79739743
-0.80091798
-0.69751357
-0.70192560
-0.08803311
-0.48559237
-0.61600631
-0.77764620
-0.86181393
-0.86493501
-0.81849241
-0.78110229
-0.64868497
-0.45585118
-0.45956610
-0.67632232
-0.73589257
-0.79130653
-0.73234899
-0.62832825
-0.59650886
-0.56182485
-0.75800175
-0.72010939
-0.80776500
-0.81902920
-0.71278780
-0.48847688
-0.25695860
-0.15426813
-0.09655957
-0.13998875
-0.19251362
-0.44265524
-0.38960417
-0.28458276
-0.49770315
-0.66260756
-0.72715952
-0.83405947
-0.87135538
-0.87083917
-0.86503280
-0.85790918
-0.85002997
-0.76246129
-0.70944102
-0.68293981
-0.78945162
-0.77211571
-0.60111849
-0.63113846
-0.54458150
-0.50434540
-0.23564020
-0.17697030
-0.15147870
-0.23587243
-0.23917346
0.15507001
0.47881211
0.74256289
0.81880021
0.83476668
0.81128943
0.82625220
0.82125796
0.84074612
0.84411219
0.82015982
0.82550186
0.82182432
0.83491756
0.84521210
0.85861401
0.83642579
0.80003667
0.64416766
0.33088104
0.17727365
-0.16496954
-0.45679791
-0.69802669
-0.76118678
-0.83742540
-0.76419387
-0.58843783
-0.41397945
-0.47493178
-0.51489106
-0.39002739
