-0.06094345
-0.16236929
-0.24540615
-0.41854939
-0.37500193
-0.41569590
-0.29803758
-0.43536525
-0.46244864
-0.63212414
-0.62540962
-0.57797230
-0.58999971
-0.66302319
-0.62453278
-0.56076032
-0.55331228
-0.55253108
-0.59793860
-0.65664627
-0.40447344
-0.26522008
-0.20269837
-0.14257692
-0.20369684
-0.37997171
-0.57601401
-0.71632266
-0.65314213
-0.69841243
-0.67636703
-0.63198593
-0.53407203
-0.28034211
-0.17687967
-0.02516445
-0.11108911
-0.43815231
-0.60408598
-0.57642034
-0.31230282
-0.20010641
-0.13260958
-0.12412227
-0.09959879
-0.07738803
-0.07478329
-0.08251597
-0.05865167
-0.04801535
-0.06748821
-0.09871868
-0.08215352
-0.07122608
-0.11747304
-0.14331597
-0.13592114
-0.09022749
-0.12257024
-0.14958196
-0.12309041
-0.14110315
-0.11563146
-0.13791178
-0.14860637
-0.22542245
-0.38638347
-0.40642333
-0.56585433
-0.68921732
-0.62919990
-0.70015738
-0.75191651
-0.78239247
-0.72369764
-0.77694377
-0.70101275
-0.68063763
-0.68526406
-0.75694416
-0.70697764
-0.53097426
-0.62294782
-0.70121275
-0.68434577
-0.50308962
-0.42400348
-0.13292361
-0.01052611
0.04660266
0.03440635
0.09145464
0.20924283
0.28125896
0.34102598
0.36881401
0.40301287
0.47103877
0.42406229
0.42315860
0.43701648
0.45000292
0.45602547
0.42681783
0.44271634
0.45624472
0.42950767
0.43094544
0.40439369
0.35604588
0.35440835
0.30317264
0.30636011
0.26528032
0.21701223
0.16135356
0.04271280
-0.09769495
-0.15302308
-0.35389380
-0.57956990
-0.73761704
-0.75418393
-0.75482344
-0.77427331
-0.75709235
-0.75471525
-0.72579228
-0.73072648
-0.69404889
-0.69346912
-0.60362394
-0.31958979
-0.15475045
-0.11669376
-0.09189351
-0.07643385
-0.08398949
-0.10807801
-0.07536129
-0.07731529
-0.03372097
-0.07902231
-0.04795831
-0.10379344
-0.13492346
-0.10321901
-0.15954023
-0.19467328
-0.28772396
-0.57668097
-0.77884491
-0.84669335
-0.76865834
-0.56781802
-0.41358189
-0.31198604
-0.22883269
-0.34365318
-0.55687427
-0.52915661
-0.77050589
-0.75382184
-0.74850658
-0.65566235
-0.78946900
-0.80586570
-0.72418256
-0.78277144
-0.75697467
-0.80794411
-0.77971363
-0.78803862
-0.75683043
-0.81390822
-0.78749355
-0.65806769
-0.31691575
-0.32831637
-0.46037769
-0.60903354
-0.80985560
-0.80138846
-0.81273024
-0.75750619
-0.84009590
-0.79165099
-0.81077355
-0.78833393
-0.77841920
-0.75272275
-0.68614344
-0.69433568
-0.69190130
-0.71154700
-0.59493555
-0.56558294
-0.49237214
-0.43169852
-0.34387230
-0.21349946
-0.01715770
0.04903082
0.07144018
0.15670426
0.07905349
0.03517327
-0.07571340
-0.38859684
-0.69231366
-0.82662690
-0.77126864
-0.84153879
-0.73761460
-0.58417855
-0.38710018
-0.21890310
-0.11781803
-0.13558198
-0.09891478
-0.08956451
-0.07918220
-0.02294070
-0.08700001
-0.09845827
-0.10337465
-0.09728850
-0.13396150
-0.16200836
-0.17179379
-0.20681402
-0.37081058
-0.68914397
-0.80821878
-0.79614426
-0.83840264
-0.60580466
-0.59194214
-0.49530862
-0.38297583
-0.11323406
0.09111657
0.15338992
0.13715970
0.10435877
0.07475351
0.09775199
0.11752533
0.12592360
0.20835563
0.26962582
0.26747044
0.31184038
0.23840592
0.24719482
0.30239072
0.21902205
0.20188184
0.28429722
0.26997992
0.31388212
0.36887311
0.33962387
0.39428038
0.41097711
0.40636148
0.37556130
0.39397157
0.39012444
0.41430262
0.42852114
0.43145928
0.45118122
0.46381901
0.44503930
0.43886118
0.42875658
0.45059910
0.43266286
0.41583378
0.35235058
0.34181238
0.23582582
0.16673885
0.16579217
0.19728228
0.24440955
0.24963014
0.23305295
0.24119376
0.18799474
0.09821398
-0.07151404
-0.25714439
-0.63455891
-0.83943359
-0.81369732
-0.83816590
-0.81770542
-0.85212745
-0.86812445
-0.85394623
-0.85499714
-0.63022165
-0.58373711
-0.64060056
-0.63793542
-0.62639789
-0.63263517
-0.77883113
-0.77108969
-0.82378411
-0.82872565
-0.88095642
-0.86587872
-0.87981465
-0.93483258
-0.89828291
-0.92350349
-0.88472602
-0.88910685
-0.55204548
-0.24395377
-0.20949638
-0.10025142
-0.06757456
-0.01851744
-0.02189433
-0.20937670
-0.42673733
-0.53649653
-0.61267049
-0.71508266
-0.88474109
-0.89513560
-0.87126223
-0.88796295
-0.88015109
-0.91527467
-0.74964042
-0.44956683
-0.22669484
-0.18443028
-0.18200275
-0.16511039
-0.13804684
-0.14737380
-0.14152015
-0.12334906
-0.10484677
-0.13736559
-0.12207247
-0.12424705
-0.10720437
-0.12762642
-0.14297114
-0.19580179
-0.15884358
-0.15023738
-0.16995133
-0.39465917
-0.73075496
-0.79348416
-0.88199712
-0.94166827
-0.91731684
-0.62272957
-0.52527136
-0.33408358
-0.44410617
-0.30997713
-0.15573545
-0.05700781
0.00169200
0.03899877
-0.01898727
-0.06453238
-0.09678546
-0.10140898
-0.17735999
-0.22348572
-0.11903350
-0.14861415
-0.12835120
-0.11068878
-0.00314351
0.02537532
0.05770734
0.08565808
0.08043678
-0.02388569
-0.12042824
-0.18458681
-0.25775431
-0.41458221
-0.45195507
-0.55949356
-0.74306659
-0.85371756
-0.94799943
-0.96454544
-0.94068253
-0.89146066
-0.96893050
-0.92848223
-0.94675378
-0.95787416
-0.89583435
-0.64960347
-0.27017525
-0.17526109
-0.15513410
-0.11030788
-0.13805652
-0.11308967
-0.14630631
-0.18939004
-0.29760462
-0.68030070
-0.89638530
-0.95370327
-0.87653555
-0.81388958
-0.58689898
-0.40488117
-0.32095419
-0.26760743
-0.22814676
-0.17405245
-0.18373541
-0.09188218
-0.05195791
-0.03664453
-0.00529286
0.02536785
-0.04772120
-0.04161122
-0.01390396
0.01602833
0.02500889
0.03890460
0.13498888
0.02750983
-0.01773079
-0.05875969
-0.11674056
-0.29980274
-0.42601337
-0.58108838
-0.72366992
-0.70970720
-0.60002650
-0.56083379
-0.68736977
-0.66717998
-0.62637392
-0.51016862
-0.34823514
-0.25995613
-0.32286121
-0.31594761
-0.28756936
-0.25887984
-0.21382722
-0.15914260
-0.07428429
-0.06127597
-0.03892982
0.08189869
0.08649407
0.12091760
0.15326675
0.10064982
0.11940735
0.10076481
0.08342992
0.07989978
-0.10481924
-0.19267634
-0.20986642
-0.19453400
-0.44580031
-0.56659869
-0.56273310
-0.63621808
-0.50923657
-0.55524027
-0.70030207
-0.89059871
-0.99525194
-0.91298787
-0.82903901
-0.45051664
-0.14936192
-0.13144187
-0.09581231
-0.08212412
-0.05005413
-0.03591554
-0.05254948
-0.06474275
-0.05745953
-0.07494617
-0.08979496
-0.11762892
-0.51958752
-0.88312732
-0.97146307
-0.95072298
-0.95071868
-0.90989463
-0.87727043
-0.87249892
-0.92670990
-0.91288245
-0.87037323
-0.81911375
-0.79459009
-0.83439938
-0.76348188
-0.72270936
-0.75692749
-0.77716914
-0.77153448
-0.78253254
-0.81402491
-0.87828090
-0.80920063
-0.88589777
-0.87327812
-0.86333168
-0.87513437
-0.84068093
-0.86702033
-0.88506693
-0.74100899
-0.78205507
-0.68363782
-0.65633038
-0.47818842
-0.21367733
-0.18364763
-0.20634113
-0.31126312
-0.44769580
-0.44730667
-0.36930911
-0.25455635
-0.24880283
-0.23667627
-0.27594166
-0.22082174
-0.08731223
-0.06161208
-0.10603619
-0.17823803
-0.17231538
-0.19551336
-0.21888745
-0.48741792
-0.79372667
-0.91812579
-0.96291758
-0.92624774
-1.00000000
-0.95961259
-0.92562099
-0.93567754
-0.88493773
-0.86534964
-0.88138874
-0.82652679
-0.83622628
-0.85868449
-0.80638638
-0.78478486
-0.77331176
-0.86470900
-0.82158499
-0.83567491
-0.83167921
-0.72346351
-0.64627976
-0.52687269
-0.64701968
-0.91625344
-0.88248573
-0.94005447
-0.95072139
-0.94837382
-0.87900629
-0.75259237
-0.42679257
-0.17936055
-0.10905985
-0.08875389
-0.05727849
-0.06089182
-0.06812100
-0.09439244
-0.13839746
-0.19143791
-0.36867898
-0.62973572
-0.88614083
-0.99750548
-0.93658133
-0.79325833
-0.66611655
-0.44012596
-0.30019138
-0.13328881
-0.04562831
0.02528139
0.10860765
0.13079575
0.13607884
0.16953826
0.10098103
0.04659013
0.04937023
0.00087255
-0.15907504
-0.25036371
-0.23545349
-0.29659948
-0.31415794
-0.25400261
-0.29707134
-0.37713508
-0.57143809
-0.74674101
-0.69106075
-0.80994964
-0.82044373
-0.81109700
-0.80604474
-0.74701124
-0.69140771
-0.65638390
-0.53297386
-0.45105002
-0.43052941
-0.38418027
-0.40146110
-0.31650425
-0.18083124
-0.13258334
-0.03071745
0.00362614
0.02243822
-0.03071768
-0.03406496
-0.04634141
-0.09200467
-0.27729537
-0.39177135
-0.60934986
-0.85054369
-0.97203785
-0.91895033
-0.86132318
-0.79406136
-0.50581841
-0.41017798
-0.28389970
-0.26451968
-0.17572962
-0.08142266
-0.04856629
-0.05976920
-0.02885582
-0.08960414
-0.13282645
-0.46755520
-0.84105394
-0.93338618
-0.86771705
-0.82973185
-0.91163211
-0.95633411
-0.97508078
-0.98185698
-0.75881112
-0.59340733
-0.77469239
-0.88337907
-0.90090366
-0.91246046
-0.93042385
-0.90672599
-0.82883621
-0.76081458
-0.65758192
-0.60664731
-0.46805611
-0.26784827
-0.24410570
-0.09395826
-0.02752738
0.00457044
0.04238146
0.07046175
0.09599889
0.11228935
0.08660418
0.03841347
0.01455031
0.02893750
-0.06062325
-0.03193095
0.02165792
0.06087925
0.02773384
-0.02006032
-0.01312531
0.00110268
-0.05406129
-0.16838757
-0.18167343
-0.32159735
-0.40739331
-0.48621348
-0.44424156
-0.57992922
-0.66948706
-0.64785186
-0.50986899
-0.45005929
-0.35190008
-0.16080465
-0.02778455
-0.02654458
0.08062355
0.12083516
0.03977773
-0.01911190
-0.05362749
-0.01383734
0.07882096
0.12453418
0.17517325
0.16877124
0.17333375
0.19653141
0.24959298
0.24231122
0.24238136
0.16748371
0.02195603
-0.13048622
-0.43827807
-0.76803108
-0.80355898
-0.77373191
-0.76478574
-0.75983375
-0.75488792
-0.70945752
-0.69241914
-0.33007681
0.01784496
0.07953032
0.11343583
0.09812638
0.11178193
0.13957528
0.12107104
0.11121441
0.13085693
0.11531710
0.14233793
0.11845814
0.12151274
0.11680337
0.11698068
0.13094486
0.10364452
0.14251201
0.11080467
0.09304555
0.12132728
0.09898571
0.10452032
0.11715427
0.11709962
0.10797888
0.09027694
0.11554126
0.12699205
0.10387997
0.09259445
0.06218031
0.06339058
0.04615062
0.06203766
0.09493014
0.07070320
0.08247439
0.05950444
0.08801897
0.03836689
0.02975508
-0.00061404
0.02757559
-0.00275383
0.04615925
0.04451391
0.03551786
0.02184081
0.06803549
0.01192959
-0.05305198
-0.36250727
-0.61081729
-0.63828876
-0.60350832
-0.63564911
-0.65150466
-0.65922093
-0.64086740
-0.61624618
-0.65309450
-0.65847529
-0.62783035
-0.59904101
-0.63053846
-0.59614825
-0.62683290
-0.60658742
-0.63441916
-0.62379371
-0.59210106
-0.62914903
-0.67035123
-0.60841245
-0.62534231
-0.65073485
-0.64248936
-0.65143477
-0.65011939
-0.70614361
-0.72767780
-0.72452264
-0.72933497
-0.67444417
-0.64661836
-0.62159359
-0.59538666
-0.61410287
-0.44725658
-0.09704211
0.02635942
0.02565994
0.07712146
0.14648731
0.17691257
0.19672703
0.22932662
0.21256484
0.17242371
0.18245052
0.18032482
0.22521073
0.13193194
0.09507367
0.02466052
0.00142822
-0.00699177
-0.03463488
-0.09367602
-0.15120592
-0.02234415
-0.09402277
-0.02263128
-0.08322059
0.01748017
-0.08384138
-0.14015602
-0.14386189
-0.07460164
-0.13096812
-0.17837082
-0.30766348
-0.38433199
-0.42493397
-0.42927870
-0.44112840
-0.38239661
-0.40439748
-0.60832871
-0.76768846
-0.72130299
-0.48892253
-0.46801074
-0.38795559
-0.23887981
-0.00008260
-0.01007975
0.04461807
-0.00050988
0.00006976
0.02504280
-0.15500654
-0.64355194
-0.58982691
-0.41948954
-0.47372530
-0.57718970
-0.31053831
-0.22684373
-0.23020418
-0.25239550
-0.26418448
-0.17284574
0.04444763
0.18128744
0.22633301
0.25303074
0.19591923
0.20269225
0.27196878
0.31050032
0.29198949
0.31863280
0.38622478
0.35417856
0.40465613
0.39387808
0.37443745
0.37170684
0.35768427
0.39791711
0.37609053
0.34868364
0.35172266
0.32338254
0.08504620
0.28613098
0.29468758
0.35459836
0.33132907
0.31345717
0.28564389
0.18820694
0.13882565
0.16244767
0.09612722
0.12199780
0.13001874
0.18010470
0.06542678
0.00846521
0.06686977
0.08657535
0.14807378
0.14580149
0.23594770
0.21461867
0.01931442
-0.07074233
-0.14772735
-0.18556611
-0.20461818
-0.16907249
-0.06499612
0.03141473
0.07800870
-0.01154157
0.03079348
0.10266475
0.12154489
0.20066381
0.26251260
0.34093511
0.28124342
0.29420671
0.26371321
0.16148774
0.12564264
0.14749858
0.15812991
0.16314161
0.09679116
0.12763960
0.06647052
0.03376224
-0.05005546
-0.09312885
-0.07794830
-0.11769991
-0.16819381
-0.21700409
-0.11389897
0.16878756
0.30482081
0.36782061
0.38299721
0.40898020
0.38967360
0.38945455
0.38041036
0.40964164
0.38813823
0.37637268
0.37263105
0.35888221
0.36146641
0.33237186
0.27862256
-0.01150181
-0.27658879
-0.27684846
-0.29775354
-0.13292956
-0.03556421
-0.04702904
0.09101124
-0.01938347
-0.13550798
-0.21926472
-0.17736922
-0.15189907
-0.11222203
