-0.12507543
0.05910728
0.01084363
0.16584869
0.20401724
0.14388672
0.06429940
0.13832072
0.20816578
0.18338900
0.18468584
0.11657984
0.00936168
-0.02482402
0.06051807
0.11304510
0.11214645
0.11902025
0.20529421
-0.13119281
-0.52932542
-0.65750868
-0.76028539
-0.75317105
-0.72200273
-0.59771789
-0.28150003
-0.02790149
0.05038537
0.02513333
0.10472625
0.10283765
-0.05876205
0.03331971
-0.08618235
-0.04187823
-0.14648412
0.07109723
0.11731053
-0.01452480
-0.43247155
-0.75830333
-0.80493266
-0.82012046
-0.82668573
-0.78732991
-0.75427864
-0.84293582
-0.78095461
-0.69947074
-0.58380840
-0.82239183
-0.86784236
-0.85052332
-0.84803856
-0.83706246
-0.82905582
-0.73739895
-0.79296082
-0.83556900
-0.84064149
-0.83322445
-0.83640603
-0.88011163
-0.82010431
-0.82715327
-0.73456705
-0.59695599
-0.45242438
0.00624910
0.05621345
0.11900397
0.17995665
0.14523296
0.19630787
0.11080793
-0.00993476
-0.01524195
0.07917954
0.10716361
0.18404470
0.18086673
0.28152893
0.28894732
0.24617582
0.27090803
0.21610115
-0.05657719
-0.01888467
0.07002616
0.11505885
0.01397833
0.02491705
-0.01810998
-0.00320215
0.02246603
-0.02634388
0.09262661
0.06543064
0.01351103
0.05999574
0.07553678
0.00037483
0.05228746
0.05202180
0.08359239
0.00830002
0.08672761
0.07936324
0.01711283
0.03458082
0.04666313
0.01222772
0.08296331
0.03542021
0.01188068
0.12619077
0.12589270
0.19940028
0.22728689
0.30883265
0.29649944
0.37616739
0.32924499
0.28562569
0.25231572
0.27153375
0.28634216
0.28952525
0.14330569
0.00354429
-0.10246781
-0.60423647
-0.79234614
-0.84579388
-0.85599091
-0.77448600
-0.83239695
-0.83547239
-0.83037062
-0.82835474
-0.66970933
-0.82950040
-0.72456873
-0.92117705
-0.86061211
-0.81589102
-0.84812715
-0.81145853
-0.73792554
-0.30068177
0.02721692
0.14142964
0.20398403
0.23811510
0.20039599
0.09556679
0.08489775
0.13015856
0.11095898
0.19232784
0.15553085
0.05879011
-0.02376428
0.05188122
-0.15961516
-0.01018925
0.15196038
0.22675540
0.20302801
0.10667056
0.17148494
0.15628283
0.22464943
0.25203992
0.19017348
0.19915664
0.10171209
0.07851398
0.06519978
0.23996267
0.18492834
0.23596709
0.24041293
0.13955214
0.16783264
0.22610870
0.13311032
0.19246432
0.16206983
0.19909799
0.21738938
0.18721173
0.22906924
0.19384065
0.16658684
0.16111816
0.10971322
0.14694750
0.07251268
-0.02067354
-0.09863766
-0.13332811
-0.21959235
-0.08083689
-0.17652133
-0.15444817
-0.10663504
-0.02568775
0.16127012
0.12939650
0.12118656
0.07234698
-0.02818552
-0.38534469
-0.75338031
-0.89489867
-0.91534290
-0.95643061
-0.92308701
-0.90818029
-0.90446231
-0.82073246
-0.90501373
-0.94449207
-0.91758607
-0.93597361
-0.95606212
-0.95328152
-0.91739396
-0.85305458
-0.73294116
-0.23414560
-0.05227526
0.14456559
0.05842370
-0.04183089
-0.01143458
-0.01750633
-0.12930482
-0.18167630
-0.15387961
-0.18919044
-0.09222884
-0.00563073
-0.01243824
-0.07965464
-0.04433757
0.04390840
-0.08774964
-0.16230360
-0.11252720
-0.00124853
-0.07579798
-0.00718273
-0.00709666
0.00627478
0.02521537
0.05971588
-0.04358037
-0.04668916
-0.07378004
-0.14896664
-0.07142601
-0.09593389
-0.09064246
-0.04500450
-0.06255455
-0.11428946
-0.08728311
-0.05923851
-0.06863192
-0.06472430
-0.05281638
-0.03761228
-0.06546482
-0.07330502
-0.03891264
-0.10656695
-0.07199655
-0.07057970
-0.02019209
0.04201764
0.00818717
0.02622583
-0.10163288
-0.20518043
-0.19715994
-0.26771839
-0.29198980
-0.31751017
-0.33981513
-0.34370461
-0.19443783
-0.13304729
0.05069850
0.10584314
0.02500066
0.00969231
0.02480754
0.00783327
0.00597110
0.01772260
-0.04119633
-0.18417731
-0.17227322
-0.15095066
-0.18547023
-0.19875967
-0.16963970
-0.04994241
-0.09371335
-0.01980645
-0.11836729
-0.11851634
-0.08379921
-0.02864094
-0.08152685
-0.03844854
-0.11131929
-0.14830337
-0.26465007
-0.35749493
-0.43419393
-0.39876310
-0.39825665
-0.43669117
-0.37713845
-0.34021950
-0.29448439
-0.20775417
-0.02397536
-0.11618734
-0.12652881
-0.04067733
-0.07737946
-0.13292626
-0.13002166
-0.25625348
-0.38074400
-0.76025660
-0.86598860
-0.95279757
-1.00000000
-0.99804503
-0.95503982
-0.98906312
-0.97379773
-0.96973986
-0.96434903
-0.97865171
-0.97674700
-0.99029681
-0.99908943
-0.97414904
-0.96691956
-0.98534722
-0.96321300
-0.98475871
-0.90216004
-0.77316451
-0.43653471
-0.06863491
-0.11946488
-0.02333135
-0.14260033
-0.28537978
-0.37179482
-0.25836970
-0.41588267
-0.46888271
-0.38516634
-0.48248468
-0.48099423
-0.49445293
-0.35676747
-0.31366362
-0.41099435
-0.42899842
-0.46973708
-0.40115135
-0.28909966
-0.38581797
-0.44768923
-0.43453634
-0.52637521
-0.53273858
-0.56383743
-0.52230634
-0.55127237
-0.50577420
-0.42594366
-0.37947766
-0.36275154
-0.39130595
-0.30638561
-0.32949162
-0.11789968
-0.00753562
-0.07514804
-0.00985824
0.07921377
0.01845850
-0.00491029
0.05863540
0.04219792
0.02492754
-0.04562018
-0.43314078
-0.81962643
-0.91915926
-0.91406091
-0.92402374
-0.93219466
-0.91110794
-0.89228553
-0.88001873
-0.81392974
-0.46845286
-0.12051567
-0.05619937
-0.09113738
-0.29529646
-0.40302454
-0.50287308
-0.56371892
-0.58958477
-0.54872585
-0.52736633
-0.57419784
-0.61456083
-0.58388636
-0.61833247
-0.63218851
-0.63111184
-0.58694253
-0.61311273
-0.61463419
-0.64205321
-0.56749890
-0.60600362
-0.48168982
-0.61653965
-0.61218043
-0.54812031
-0.49529205
-0.36874971
-0.27459759
-0.05468359
-0.09959987
-0.07048835
-0.23377222
-0.22491239
-0.20898783
-0.20014406
-0.16325433
-0.27755815
-0.32667257
-0.51884046
-0.40138272
-0.36444422
-0.44761405
-0.38976741
-0.40832472
-0.52621880
-0.53555768
-0.51243023
-0.62083561
-0.59824765
-0.63958901
-0.70249711
-0.66222736
-0.74257780
-0.59653744
-0.66136597
-0.69229388
-0.61385492
-0.57343019
-0.54365614
-0.56833469
-0.44806016
-0.47028164
-0.39841880
-0.35005941
-0.30421797
-0.31718487
-0.34156319
-0.06100191
0.14184324
0.14925074
0.11047448
-0.08481769
-0.61050120
-0.87671732
-0.86948435
-0.88308425
-0.90048179
-0.90102890
-0.91082665
-0.93647088
-0.91109579
-0.89273524
-0.92289613
-0.90061631
-0.80340937
-0.49154150
0.05559621
0.16542345
0.14410496
0.11586801
0.10505648
0.15246996
0.05148626
0.03544349
0.00848205
0.03543095
0.02634073
-0.00834893
-0.07344410
-0.00473410
-0.11470935
-0.20729334
-0.23363184
-0.26865686
-0.20205437
-0.22150761
-0.12513266
-0.09658566
-0.10426524
-0.11014097
-0.09671882
-0.23613636
-0.17338577
-0.27427314
-0.18790401
-0.29055751
-0.48789291
-0.43954016
-0.49126710
-0.57222477
-0.69511524
-0.69456883
-0.74568597
-0.67686898
-0.66670750
-0.67958884
-0.66582048
-0.62002228
-0.68466383
-0.68983359
-0.64378413
-0.75728740
-0.73612636
-0.72944095
-0.73127494
-0.68120744
-0.68518369
-0.64144175
-0.65241314
-0.49527641
-0.18267794
-0.11744609
-0.04267910
0.02840486
0.10462462
0.14209613
0.12040197
0.07387426
0.04499794
0.06437422
0.04885735
0.06456587
0.01733963
0.02539410
-0.01001527
-0.05801889
0.00360741
-0.08810799
-0.00767714
0.01115371
-0.14535062
-0.17919866
-0.32485865
-0.38589829
-0.29769295
0.02206658
0.15400709
0.15222536
0.20831930
0.27229647
0.11947619
-0.10829859
-0.54315061
-0.76476692
-0.77699063
-0.82287918
-0.85441161
-0.85706793
-0.87691180
-0.85008646
-0.79427361
-0.78059742
-0.67137860
-0.26551340
-0.12986017
0.04977821
-0.06458287
-0.15635785
-0.30596484
-0.50427170
-0.62610957
-0.72907476
-0.81965047
-0.85162344
-0.82424919
-0.87960751
-0.86419213
-0.83155983
-0.86338759
-0.87970432
-0.84066110
-0.79624084
-0.69929562
-0.68937936
-0.66296372
-0.76679911
-0.75224015
-0.71590615
-0.82795135
-0.67024802
-0.49266405
-0.27190564
-0.12753649
-0.25532940
-0.17707954
-0.20996271
-0.13537399
-0.34581115
-0.40237247
-0.37037069
-0.50378261
-0.44621585
-0.53582765
-0.54548456
-0.50666396
-0.56437938
-0.65924877
-0.72440715
-0.67496196
-0.75841310
-0.76806002
-0.78728419
-0.75422797
-0.71862553
-0.66326272
-0.52762870
-0.44543546
-0.36740400
0.05940071
0.28161609
0.32830068
0.23113114
0.10354062
-0.21221634
-0.45720480
-0.54353939
-0.53765089
-0.68189586
-0.71851870
-0.78230213
-0.79407048
-0.79587173
-0.78743976
-0.72533826
-0.36422856
0.15448030
0.24651869
0.24643357
0.19735102
0.23084786
0.25456302
0.26760732
0.18808424
-0.11216984
-0.23272420
-0.04183289
0.01144378
0.15456220
0.14160543
0.05101398
0.05966406
-0.08719769
-0.15680766
-0.28135097
-0.36334360
-0.49123270
-0.66283654
-0.68482702
-0.76247267
-0.82147110
-0.83199650
-0.80764896
-0.85239100
-0.91039005
-0.87385269
-0.85928070
-0.82508815
-0.80256384
-0.82374425
-0.78698435
-0.73090517
-0.79510446
-0.80939910
-0.82129900
-0.87705767
-0.80673288
-0.80426063
-0.78153285
-0.70309596
-0.66367131
-0.71076473
-0.63614380
-0.55614673
-0.54928164
-0.33239514
-0.31734158
-0.38966415
-0.41271963
-0.37420210
-0.65424011
-0.70112229
-0.71479087
-0.81627032
-0.78692766
-0.78546125
-0.71703063
-0.72440712
-0.69803919
-0.68114362
-0.74487415
-0.79656788
-0.76622461
-0.75462486
-0.72098715
-0.79488379
-0.66608773
-0.64972590
-0.62949501
-0.59143519
-0.49239190
-0.34873639
-0.01429463
0.31508061
0.50327708
0.49018560
0.48887900
0.44968800
0.47911888
0.37177392
0.36825561
-0.15178450
-0.55755626
-0.59103761
-0.62276594
-0.69412273
-0.63540340
-0.63368674
-0.67609244
-0.65261060
-0.60779566
-0.64533406
-0.62702321
-0.61750690
-0.66072830
-0.61056994
-0.61767294
-0.62736697
-0.70984850
-0.66497559
-0.64331518
-0.63854523
-0.67973237
-0.68030169
-0.64271232
-0.65788988
-0.69835819
-0.69112675
-0.68473273
-0.63621288
-0.67297045
-0.67289448
-0.73449567
-0.67929930
-0.65796577
-0.67667531
-0.65872025
-0.65474145
-0.66792603
-0.65097935
-0.66040449
-0.70553810
-0.69630691
-0.61820695
-0.63768129
-0.66739940
-0.72684564
-0.68127232
-0.68518892
-0.70485529
-0.68448132
-0.64647062
-0.62728029
-0.53010743
-0.21851285
0.23050307
0.23310139
0.17442979
0.24435810
0.09894746
0.18345427
0.20323549
0.19754723
0.24975553
0.20745680
0.25838297
0.21523342
0.22069805
0.22228446
0.21196534
0.22003727
0.19910303
0.25443004
0.18996704
0.25367027
0.19675956
0.14727810
0.16928034
0.16176857
0.30014016
0.23114053
0.25519745
0.22028761
0.23256343
0.18236966
0.03956676
0.09649365
0.01186046
-0.05022640
-0.12075305
-0.19644353
-0.40958161
-0.59560234
-0.66672081
-0.67752386
-0.66485035
-0.72780790
-0.75585888
-0.70793803
-0.71638673
-0.74511219
-0.74591840
-0.72949803
-0.72753891
-0.65040013
-0.69089928
-0.60739328
-0.62441151
-0.59140755
-0.54747445
-0.48293860
-0.41504915
-0.23729909
0.17021092
-0.11433751
-0.02353886
-0.02605127
0.08064572
-0.12300780
-0.12022931
-0.08416833
0.01003276
-0.11490606
0.02985483
-0.21825959
-0.18727805
-0.16345845
-0.15015244
-0.20157395
-0.16832480
-0.24666200
0.08930039
0.31181430
0.33952027
0.30007594
0.25143042
0.11863436
-0.24324290
-0.27281177
-0.43561153
-0.48389686
-0.57778705
-0.02376845
-0.08590347
-0.01426095
-0.20055337
-0.13066897
0.07921952
0.10584542
0.14603642
-0.15769921
-0.28965185
0.39392072
0.50033946
0.42467794
0.27132531
-0.04975861
-0.22858332
-0.18728233
-0.21900252
-0.28349474
-0.18469676
-0.25301749
-0.25342399
-0.34310790
-0.41438319
-0.54646070
-0.55933614
-0.56320444
-0.56006966
-0.58510055
-0.62649456
-0.62622481
-0.60919192
-0.58765513
-0.54775637
-0.48517566
-0.43189660
0.00855942
-0.19586155
-0.39870178
-0.51102803
-0.52199965
-0.47768846
-0.37981052
-0.30106708
-0.18196810
-0.21795267
-0.07863561
-0.20587686
-0.11200783
-0.19571485
-0.20089426
-0.05644758
-0.14729885
-0.01614088
-0.29658773
-0.24783105
-0.33455818
-0.22075784
-0.08524674
0.07966113
0.27912136
0.30089767
0.38978235
0.37245639
0.12495756
0.02645822
-0.09431101
-0.07947058
-0.08306457
-0.16506909
-0.12453919
-0.38724749
-0.39877461
-0.48671578
-0.51071969
-0.45289019
-0.33703061
-0.31674465
-0.22386638
-0.19691553
-0.29294752
-0.14489902
-0.07686515
-0.00643347
-0.08569361
0.05863596
0.21131337
0.30243429
0.16745870
0.32451000
0.36961408
0.43747244
0.21672799
-0.09883580
-0.36490476
-0.42343424
-0.49030440
-0.44626096
-0.48256713
-0.43719575
-0.48340190
-0.49166053
-0.52029320
-0.54533313
-0.50818131
-0.48420536
-0.51355778
-0.53913195
-0.38229230
-0.14117764
0.24158987
0.43153674
0.25941074
0.09007158
-0.07393684
-0.19005151
-0.32713897
-0.13727068
-0.03910804
-0.04335658
-0.00320153
-0.03699903
-0.13208975
