-0.25122503
-0.17847318
-0.16634959
0.04694578
0.00735941
0.07677590
0.01117190
0.05406978
0.07410149
0.18056483
0.27008374
0.14299635
0.24206407
0.25542289
0.28589088
0.23547790
0.20209329
0.23234032
0.28124572
0.34280026
0.18215264
0.18856123
0.12340360
0.07062359
0.13615690
0.21259597
0.24848582
0.32722345
0.31060488
0.34747832
0.29352449
0.21299461
0.18739713
-0.00403273
0.05416053
-0.03373966
-0.01103587
0.11788477
0.18392841
0.20466143
0.15363640
0.11455921
-0.00908396
0.03805270
0.01362488
0.00814203
-0.00246327
0.02011847
-0.00540456
-0.00807285
0.10154232
0.02983772
0.03007859
0.03332510
0.00694391
0.06469927
0.05849077
0.01302606
0.07951803
0.05434758
0.07178520
0.07963017
0.05835814
0.08337388
0.05587749
0.06393446
0.12111592
0.16926531
0.25990704
0.28848860
0.18952165
0.20786952
0.28776510
0.24288097
0.18778748
0.32516437
0.22469085
0.23498269
0.22845195
0.30316393
0.33188707
0.14890155
0.28449784
0.22460975
0.26897998
0.22070439
0.17704427
-0.02734138
-0.04873540
-0.08363561
-0.15371671
-0.22539436
-0.20020589
-0.21820523
-0.17570414
-0.17327843
-0.19082163
-0.22199504
-0.25608589
-0.23641380
-0.22582360
-0.24925962
-0.24493813
-0.25615238
-0.19799703
-0.22910495
-0.23087970
-0.21503850
-0.23750765
-0.28830985
-0.20389398
-0.19399713
-0.23449576
-0.23184909
-0.23940366
-0.18205871
-0.11258380
-0.10016224
-0.00308248
-0.03079537
0.16244455
0.16901813
0.19389183
0.17801562
0.20132072
0.22746911
0.10692026
0.14792543
0.06719778
0.15690936
0.08567405
0.02935122
0.02098835
0.06800821
-0.03833563
-0.00047826
-0.03767717
0.03704321
0.01281247
0.02949601
-0.01012125
0.03791083
-0.00048703
-0.02588838
0.04936193
0.04117246
0.06486184
0.06656946
0.11112190
0.11366333
0.17271921
0.23568961
0.26984914
0.04084789
-0.03753951
-0.06612651
-0.10565945
-0.11777504
0.03481026
0.12642674
0.09486720
0.26184146
0.25595243
0.20015057
0.15590532
0.24032951
0.35760879
0.20547258
0.14162970
0.24704002
0.21054106
0.22832939
0.20845719
0.14439238
0.19181764
0.02248378
0.03100431
-0.12376448
-0.13629418
-0.03960952
0.09774822
0.27821679
0.20607730
0.27522367
0.22751177
0.17069905
0.20624045
0.06353171
0.14756186
0.15135432
0.12635562
0.17797420
0.11704534
0.08681429
0.23947541
0.12601411
0.04190742
0.07184913
0.10460380
0.09601880
0.08452514
-0.09190625
-0.08385734
-0.06936483
-0.09370388
-0.10582869
0.00868086
0.04001966
0.13590457
0.22345264
0.41712793
0.43780993
0.42287509
0.36466555
0.34735888
0.31039857
0.20169317
0.17412461
0.12805387
0.15104358
0.08856892
0.13956181
0.11124695
0.09594884
0.13314064
0.16419978
0.13790165
0.15698962
0.17847837
0.18584815
0.24709587
0.29923890
0.47490247
0.54662637
0.52344459
0.48241478
0.41861239
0.41217286
0.30063929
0.20663544
-0.00001767
0.00144222
-0.03800178
-0.03284791
-0.01559415
-0.08911283
0.02025692
-0.05803805
-0.11330223
-0.01603791
-0.02257820
-0.06139784
0.02002072
0.02581936
-0.01239281
0.06452850
0.08823601
0.02676626
0.00473597
-0.06875490
-0.03765782
-0.02438319
-0.03150095
-0.04756130
-0.06642565
-0.04270872
-0.03348791
-0.04648196
-0.03939739
-0.02313059
-0.08700435
-0.05353294
-0.10945426
-0.05804697
-0.07253261
-0.07507673
-0.11998401
-0.10961133
-0.11978975
-0.11385991
-0.08405583
-0.06240753
-0.11260897
-0.02569911
-0.05169120
-0.05063491
-0.09884382
-0.08689831
-0.07982122
-0.09597499
-0.09773741
-0.09253615
0.04510148
0.07218719
0.32081187
0.46880935
0.54169984
0.52600739
0.44904845
0.47489541
0.49598374
0.49446575
0.46482972
0.32543854
0.26920659
0.35074710
0.25561098
0.17513007
0.20101795
0.40915895
0.46185641
0.48109052
0.34219681
0.41450625
0.41826219
0.39011171
0.35316096
0.34388466
0.29825050
0.30496305
0.24568465
0.10255101
-0.06985516
-0.03807931
-0.13508587
-0.13054089
-0.07702816
-0.17920908
-0.09220015
0.01162034
0.10007879
0.18657064
0.21626748
0.23567291
0.18363034
0.19940430
0.18340260
0.27684834
0.29846028
0.33913740
0.22596603
0.14113270
0.17293958
0.14886029
0.14970483
0.12837352
0.11307599
0.14404469
0.10565407
0.12911887
0.09034302
0.09341040
0.07536994
0.08518017
0.08231119
0.09400627
0.07437637
0.08348750
0.10579399
0.09781378
0.17597575
0.26499716
0.25947899
0.28985101
0.27938404
0.27407449
0.15357119
0.05662267
0.10307248
0.07607790
0.08909312
-0.00205857
-0.04117035
-0.03391704
-0.07893026
-0.08014974
-0.05282877
-0.00815671
0.00976407
0.05139472
0.08533903
0.02926711
0.02822962
0.05463711
0.02609544
0.01104492
0.02360049
-0.00187159
-0.05090375
-0.00875107
0.01838186
0.01181335
0.04679288
-0.02710893
0.05563326
0.10480905
0.09317358
0.21517400
0.30825922
0.29766924
0.34304349
0.35448958
0.34556364
0.35525917
0.35446391
0.30715247
0.31621751
0.25977159
0.18468135
0.09735975
0.14064423
0.11702495
0.10714659
0.12554855
0.10679755
0.11747185
0.14404486
0.19883165
0.29852328
0.43441252
0.44749995
0.46330736
0.39251899
0.31186972
0.20085307
0.14342707
0.10400462
0.16276827
0.13950997
0.12639112
0.16412338
0.13468994
0.11881024
0.09651515
0.08300112
0.03229770
0.07616509
0.00982554
0.02413187
0.04786544
0.00408685
-0.02652096
-0.04203568
0.01195683
-0.00732552
0.01071430
0.04109889
0.10723260
0.21749678
0.24070666
0.40505247
0.34210026
0.31887400
0.45020146
0.38716539
0.35789929
0.27593387
0.08730295
0.08962989
0.16536156
0.19314297
0.18318825
0.16777661
0.17132840
0.12838661
0.10446846
0.09093111
-0.00213648
-0.05107708
-0.05161133
-0.00686963
-0.06696574
-0.04540679
-0.05998405
-0.04510102
-0.05137497
-0.04413603
0.05447104
0.08505713
0.10016509
-0.05068942
0.05197586
0.14117697
0.12813582
0.08830206
-0.00110898
0.05568824
0.15549099
0.26515274
0.30765595
0.30802406
0.36725985
0.21465671
0.10825882
0.10128038
0.07100564
0.04672558
0.01696231
0.05079861
0.04432712
0.03682475
0.04053426
0.00034448
0.00291656
-0.01042653
0.05537391
0.02059704
-0.00558788
-0.12103670
-0.16971711
-0.20754520
-0.25851353
-0.29581520
-0.27800992
-0.24801097
-0.34077556
-0.29637502
-0.36009483
-0.42038426
-0.38197911
-0.42326588
-0.41693858
-0.32438404
-0.38549097
-0.46311556
-0.34588833
-0.33909341
-0.31977920
-0.24261132
-0.20963648
-0.24620573
-0.24633735
-0.31661011
-0.30525557
-0.22429312
-0.22557914
-0.12041076
-0.12087935
-0.04711005
-0.10366374
-0.10366863
-0.15582677
-0.07584506
-0.12339042
-0.07397542
-0.04297823
-0.08260807
-0.06974656
-0.03747720
-0.05260022
-0.06798567
-0.06146415
-0.15429509
-0.14137452
-0.14871631
-0.13089417
-0.17415253
-0.16711283
-0.15182073
-0.12380408
-0.03442952
-0.05338546
-0.05391179
-0.07307321
-0.03626218
-0.12198187
-0.17448542
-0.15244962
-0.23376293
-0.32613111
-0.35518049
-0.38419233
-0.37131064
-0.32927385
-0.41223669
-0.42686165
-0.43697563
-0.39643528
-0.41203752
-0.37751994
-0.35223331
-0.37134128
-0.37632837
-0.28746468
-0.27117451
-0.25389644
-0.25278371
-0.16816401
-0.12494746
-0.03119232
0.05594032
0.04305440
-0.00414733
0.00980094
0.00071673
-0.01278968
-0.01208305
-0.02922525
-0.00164382
0.00015168
0.04295722
0.04774457
0.08732496
0.14614449
0.25751855
0.30894726
0.29161649
0.21485168
0.14614290
0.05101575
-0.03065989
-0.10560005
-0.14944122
-0.16928278
-0.18528041
-0.21857037
-0.21403072
-0.22193801
-0.19577551
-0.18194139
-0.18422706
-0.21448968
-0.18028979
-0.15995970
-0.16191318
-0.18733645
-0.17754401
-0.34509860
-0.36663715
-0.37140624
-0.37619567
-0.34547637
-0.29611173
-0.34373144
-0.32972621
-0.35302546
-0.37110261
-0.37895446
-0.35897486
-0.32462905
-0.34134518
-0.32297195
-0.23807909
-0.24609356
-0.18377001
-0.13831083
-0.14693024
-0.18428405
-0.23048485
-0.23587201
-0.23807857
-0.18896803
-0.19661922
-0.21308360
-0.19655793
-0.14663671
-0.10419409
-0.04955556
0.05662247
0.13852161
0.09252086
0.09621299
0.01646915
-0.06477724
-0.11119752
-0.16132697
-0.15629429
-0.16201259
-0.14155977
-0.15579030
-0.16595182
-0.16866131
-0.17891270
-0.18532849
-0.17680835
-0.14778138
-0.15415785
-0.10073813
-0.09773070
-0.01495251
-0.00572398
-0.02596802
-0.06186827
-0.17318697
-0.23352413
-0.17359564
-0.15054185
-0.19168343
-0.17505667
-0.05001697
-0.06432353
-0.08659754
-0.16210281
-0.12994705
-0.13718208
-0.15677146
-0.19253269
-0.18011464
-0.22288920
-0.22253814
-0.24176550
-0.24179095
-0.24199833
-0.22744809
-0.25744929
-0.24698269
-0.20930174
-0.22378061
-0.22651801
-0.16292005
-0.16542378
-0.19205396
-0.22573192
-0.21742800
-0.23116017
-0.25710817
-0.23181944
-0.20319042
-0.16070643
-0.15320458
-0.13547314
-0.15862114
-0.18481952
-0.21849017
-0.23633173
-0.30910155
-0.35176744
-0.38454074
-0.38321530
-0.31778096
-0.28868605
-0.25798555
-0.21022555
-0.26141565
-0.27182488
-0.28666445
-0.28657227
-0.25616279
-0.22922606
-0.27054622
-0.22334778
-0.26416406
-0.22158279
-0.25486106
-0.22637204
-0.25744432
-0.28553325
-0.31211652
-0.30723394
-0.32081504
-0.24516634
-0.19649499
-0.02712103
-0.05026861
-0.05465555
-0.08886117
-0.14294916
-0.17167579
-0.16907413
-0.21004963
-0.20246421
-0.26907846
-0.27326633
-0.27709511
-0.27132922
-0.26009824
-0.28057065
-0.29113356
-0.27206510
-0.30241573
-0.30256490
-0.32689265
-0.31277353
-0.31273674
-0.31888071
-0.33469762
-0.31443303
-0.29359218
-0.31634391
-0.31962291
-0.29557238
-0.29650238
-0.33796424
-0.29342895
-0.30420079
-0.31041731
-0.32904015
-0.31778313
-0.32659059
-0.30779301
-0.30176215
-0.27994463
-0.26845680
-0.27957923
-0.28498200
-0.28053504
-0.29684028
-0.33811133
-0.33227672
-0.32260294
-0.32281350
-0.31939284
-0.32158367
-0.32235091
-0.33336320
-0.29887238
-0.31203486
-0.32057091
-0.33435944
-0.31235797
-0.37494333
-0.37732261
-0.42224936
-0.43922715
-0.61363837
-0.68413579
-0.77062828
-0.78054895
-0.74634067
-0.77417570
-0.77658709
-0.77748471
-0.79538746
-0.80236790
-0.81283710
-0.83461816
-0.82396102
-0.82565104
-0.82566586
-0.84020421
-0.80433911
-0.84049640
-0.84802844
-0.82218699
-0.80703247
-0.83599435
-0.80259319
-0.79461956
-0.80424271
-0.77584349
-0.75983687
-0.72362642
-0.69658034
-0.69218174
-0.60889562
-0.64589340
-0.62536394
-0.62808502
-0.65062124
-0.54745258
-0.46174362
-0.39131703
-0.37143372
-0.32474393
-0.32486646
-0.30638213
-0.28615401
-0.27119568
-0.29376801
-0.28186386
-0.26370766
-0.29944272
-0.30707315
-0.36547552
-0.33780738
-0.36196377
-0.40077935
-0.45592715
-0.41830833
-0.40875195
-0.38981568
-0.22523940
-0.22467039
-0.22091466
-0.07397602
-0.06348767
-0.09317394
-0.12944876
-0.08287354
-0.07209175
-0.08583461
-0.19199503
-0.23566477
-0.45643291
-0.41087596
-0.39199102
-0.39451543
-0.35457880
-0.40781745
-0.38239704
-0.31647132
-0.21010214
-0.21296850
-0.14643729
-0.18639780
-0.07076898
-0.26145609
-0.06655861
-0.17460785
-0.20963727
-0.18193134
-0.03298812
-0.10196005
-0.11933210
-0.21123036
-0.26277516
-0.09292055
-0.19493657
-0.14523252
-0.10969046
0.06823557
0.64961594
0.85400160
0.84384088
0.86114932
0.72483168
0.74839000
0.66980558
0.51968593
0.42620551
0.44206233
0.51716802
0.42534724
0.35140535
0.32928425
0.29299982
0.29794167
0.25614813
0.28154453
0.29227699
0.28811867
0.31298353
0.27146056
0.30919913
0.34966797
0.25899331
0.36302923
0.07768988
0.28062545
0.28022422
0.34065783
0.39592268
0.41772037
0.42534097
0.61482035
0.76697697
0.77073249
0.85958474
0.73703688
0.70546041
0.66841850
0.74251969
0.80426548
0.78018774
0.75540313
0.64464188
0.66757495
0.58926999
0.57590705
0.79980271
0.90959069
0.97056277
0.96990878
1.00000000
0.96665226
0.90755377
0.93233045
0.88446128
0.96366533
0.87243171
0.77406554
0.72356842
0.57257800
0.50413468
0.40299672
0.38825446
0.39928630
0.47148911
0.62162747
0.60770638
0.63577673
0.54733692
0.63206365
0.73374462
0.70887484
0.75135672
0.77015162
0.86628932
0.87937192
0.84649511
0.86444156
0.87389259
0.86406680
0.82966391
0.73089136
0.59053451
0.51008303
0.44258591
0.44763696
0.47736348
0.43813365
0.44582492
0.41566075
0.43162889
0.45017093
0.43512046
0.47059447
0.47657021
0.50027565
0.56137753
0.77841262
0.86337052
0.87747021
0.92205540
0.74096150
0.65918972
0.58903807
0.48583092
0.60620747
0.71906318
0.84179390
0.78031168
0.80775248
0.84594240
