0.09304879
0.06738200
0.00996840
-0.07383418
-0.09403680
-0.02960437
-0.02715180
-0.14020856
-0.13981791
-0.21713953
-0.21191109
-0.16434639
-0.15222955
-0.17271691
-0.19405878
-0.13392482
-0.15908301
-0.15969404
-0.19737495
-0.12470868
-0.06007206
0.05052454
0.05437116
0.06823720
0.04392960
-0.04044508
-0.08382732
-0.16380182
-0.16879527
-0.14821730
-0.14577169
-0.10612515
-0.00451006
0.04359546
0.03476204
0.18903249
0.02985316
0.00995422
-0.10116901
-0.04179214
-0.00760205
0.08736858
0.07301225
0.07176344
0.07928796
0.05875880
0.01152314
0.05077773
0.04343367
0.04634822
0.10231233
0.07712999
0.03241416
0.08856162
0.04837725
0.08581318
0.05387580
0.05363559
0.14695061
0.06992162
0.08813620
0.17204834
0.08218069
0.12963028
0.12149066
0.05956687
0.01716832
0.00570238
0.04241928
0.01240913
0.03155835
-0.07541554
-0.10743125
-0.13448935
-0.13015909
-0.12093024
-0.08967734
-0.06612561
-0.12705890
-0.11151088
-0.06865708
-0.00632082
-0.06109648
-0.02293221
0.04432109
0.09587138
0.14558186
0.34523992
0.37099879
0.43671791
0.38858023
0.49627844
0.43291461
0.49102479
0.57214160
0.58526568
0.65621714
0.61075119
0.64187188
0.70547830
0.62406289
0.66326806
0.69398943
0.69535526
0.68854411
0.69842417
0.70208371
0.71725848
0.68713284
0.70850917
0.67153260
0.65439485
0.64068428
0.60147560
0.61602122
0.58767502
0.54318714
0.42848936
0.41669821
0.38046036
0.28643133
0.07268196
0.06375746
0.04159149
-0.02651684
0.01205318
0.02390122
0.07673766
0.01039335
0.12376875
0.05034637
0.10352366
0.08036876
0.10194165
0.11180817
0.11179133
0.16550058
0.12741454
0.08497384
0.12265991
0.11975057
0.11020750
0.14356564
0.13615196
0.20141765
0.19093117
0.21613084
0.16495223
0.16848660
0.15085066
0.12109718
0.00676299
0.08413238
0.05770600
0.16091646
0.35669848
0.41948034
0.45085052
0.46395964
0.37559192
0.31004106
0.25796245
0.19393511
0.18732079
0.14926243
0.09679722
0.02420049
-0.00780336
0.04406007
0.01312466
0.00639100
-0.04810480
-0.02842129
-0.07069748
0.03484675
0.03988641
0.22096693
0.35526197
0.36153729
0.31020112
0.17459609
0.03972916
-0.00255639
-0.02524637
-0.00737148
0.04038113
0.07015788
0.03132699
-0.00869458
-0.01401671
0.08460131
0.04215824
0.11617511
0.20997965
0.18756699
0.31021006
0.22129233
0.36603227
0.47774392
0.53333223
0.59376205
0.62374211
0.70422293
0.69144347
0.67011660
0.62227665
0.71510211
0.62930318
0.57183369
0.39595101
0.29537844
0.17342683
0.13243095
0.12966878
0.17480312
0.24448868
0.26548233
0.21217776
0.20505973
0.20280979
0.19860167
0.21392745
0.17704053
0.19207141
0.20028656
0.20209749
0.22624985
0.21012455
0.20980771
0.20761158
0.24226604
0.24549570
0.25048157
0.19561785
0.21911768
0.35602781
0.51747548
0.53349752
0.55850370
0.60315136
0.66832399
0.73146530
0.75650928
0.78960948
0.76252078
0.78053543
0.82543313
0.83174243
0.78587020
0.86261699
0.83884027
0.83855075
0.85014408
0.86251924
0.81983036
0.86782210
0.94493017
0.86825757
0.89102541
0.91176482
0.93850146
0.94581062
0.90139277
0.90987864
0.90278298
0.92573482
0.97068596
0.95707749
0.96276370
0.92024341
0.93550635
0.93602734
0.86572550
0.87674107
0.87771446
0.84968304
0.85865162
0.93279723
0.98733346
0.90651054
0.97601613
1.00000000
0.95273698
0.99524675
0.95036136
0.87773725
0.89549855
0.89307661
0.88057843
0.86395262
0.85479054
0.79044238
0.81161184
0.70044573
0.66675903
0.41454434
0.30298890
0.27978541
0.25092021
0.19315533
0.19724569
0.20073628
0.35896128
0.42969608
0.55403000
0.59232851
0.47507606
0.52486400
0.42989702
0.41279971
0.32838527
0.27813925
0.26555625
0.27203909
0.25225176
0.24559162
0.16418678
0.12749206
0.09808040
0.20755750
0.32962809
0.51368355
0.51508874
0.55887482
0.63533024
0.57120389
0.63239217
0.52908846
0.54056419
0.52712655
0.54845910
0.51438052
0.45598248
0.35438723
0.30826371
0.28815332
0.27567527
0.32576742
0.24845583
0.20252958
0.23020304
0.25166380
0.22953225
0.22515675
0.23244724
0.24245447
0.20451941
0.21088476
0.22285231
0.22873059
0.23669992
0.18922137
0.18466027
0.21898196
0.22233750
0.18748914
0.22130861
0.19917588
0.23962864
0.23416264
0.22410521
0.16345703
0.11401799
0.18808348
0.07614218
0.38088354
0.51396890
0.46202957
0.57856847
0.61775421
0.68726601
0.61540446
0.66924440
0.65495229
0.64060399
0.64332197
0.65523479
0.74370848
0.68201912
0.74388812
0.73111586
0.66186039
0.70936994
0.65536737
0.71175123
0.72032812
0.66180860
0.61601471
0.61329914
0.65640588
0.63836289
0.66256232
0.59276139
0.54682845
0.51867572
0.55763153
0.49518534
0.40947039
0.25761527
0.22454296
0.20787498
0.08262250
0.04581033
0.01838063
0.03364314
0.06086818
0.12229702
0.05834764
0.09982218
0.13271419
0.18152283
0.16827309
0.17715319
0.15715349
0.14963630
0.19291357
0.19468886
0.19248066
0.13287334
0.15162785
0.22421913
0.30970673
0.34922187
0.38913929
0.37810805
0.38368571
0.41915152
0.42845206
0.45280260
0.49635323
0.47282006
0.45891999
0.44104987
0.44654109
0.43446061
0.34598800
0.39430603
0.41220042
0.46844542
0.45481354
0.46802559
0.46470399
0.50333311
0.45167952
0.48998475
0.51807631
0.48016844
0.51045622
0.37940230
0.48809617
0.43858888
0.48491884
0.48328581
0.49603726
0.47577273
0.44108072
0.49058259
0.48366440
0.48625812
0.46929452
0.48264886
0.39917265
0.43680604
0.46766298
0.45380488
0.43837479
0.44024049
0.37641932
0.39714038
0.34626658
0.28263977
0.35201531
0.28523555
0.33784989
0.33070431
0.30974069
0.40726441
0.48429799
0.44292435
0.45920326
0.43847739
0.37994123
0.49227232
0.44613153
0.35661285
0.39565354
0.34497440
0.31587661
0.21044126
0.02391476
0.00275398
0.01623114
0.07496666
0.08592976
0.12467696
0.11510362
0.09453758
0.09235297
0.08744461
0.10851565
0.09689150
0.12709512
0.10444728
0.07158279
0.05919829
-0.02824066
-0.11375021
-0.07935247
-0.09131137
-0.06423435
-0.04018507
-0.08816700
-0.07093194
-0.08731743
-0.12384193
-0.19003025
-0.08579831
-0.12051079
-0.13096705
-0.15957318
-0.09129984
-0.07694831
-0.07277160
-0.12040910
-0.14598568
-0.11273899
-0.06152974
-0.03934087
-0.10361861
-0.07733976
0.00426763
0.06268585
-0.05528053
-0.08825411
-0.08005265
0.07975912
0.15334319
0.13894230
0.09963653
0.07006628
0.10163303
0.12874052
0.15068380
0.13498165
0.12436153
0.13367597
0.07486366
0.08072787
0.07920426
0.10756237
0.08340808
0.06934612
0.02004127
0.04464485
0.13351038
0.13522171
0.04382532
0.14129142
0.15920301
0.14186204
0.17171513
0.14668629
0.06753586
0.06587113
0.07449941
-0.02343465
0.00572951
0.00082560
-0.07135133
-0.09209430
-0.09175114
-0.03103760
-0.07720536
-0.04609767
-0.02152493
-0.02390121
-0.06063438
-0.06119539
-0.07017065
-0.09555949
-0.01128117
0.00273720
-0.01357369
-0.00023103
0.04858498
-0.02565419
-0.03496628
-0.03288260
-0.12828528
-0.07988407
-0.04160707
-0.00361812
0.05897000
0.14938692
0.15259745
0.15525983
0.15295192
0.13188635
0.17902837
0.17409308
0.17395561
0.16347415
0.15934359
0.07671065
0.07369573
0.05866245
0.03978199
0.00964059
0.03024520
-0.07795709
-0.09779905
-0.14234879
-0.16508614
-0.21135026
-0.25624248
-0.29113209
-0.32689552
-0.28378436
-0.28156432
-0.28460047
-0.30155280
-0.24293737
-0.18051180
-0.21878850
-0.23812054
-0.14036706
-0.08389249
-0.07823726
-0.10717805
-0.12227323
-0.18670096
-0.12840980
-0.17226496
-0.15888614
-0.05807969
-0.08823629
-0.11489437
-0.14419088
-0.04509594
-0.16454407
-0.16443969
-0.21267648
-0.21123083
-0.23218127
-0.20153878
-0.20414054
-0.21400798
-0.25124573
-0.27104425
-0.28212959
-0.26809781
-0.27311233
-0.28322254
-0.26952817
-0.28674629
-0.23897659
-0.09657145
-0.07720696
-0.10400894
-0.04312974
-0.09344012
-0.08987769
-0.06874412
-0.02171480
0.03611098
0.03257337
0.04223703
0.11492926
0.12271872
0.14512886
0.13694848
0.11897362
0.12268891
0.12809845
0.02281162
-0.16191688
-0.15826169
-0.14635551
-0.17696343
-0.10185805
-0.10240126
-0.16038926
-0.10013731
-0.12794870
-0.19847875
-0.26645132
-0.20310796
-0.19808092
-0.18214654
-0.15680080
-0.22071519
-0.14349877
-0.23509683
-0.31231645
-0.35441108
-0.39344887
-0.42928250
-0.42108621
-0.51115165
-0.51995487
-0.57215436
-0.52282712
-0.55450754
-0.55767306
-0.55658599
-0.52377706
-0.56106085
-0.54678069
-0.54458850
-0.52208081
-0.55238356
-0.57205779
-0.57976156
-0.52383674
-0.52041496
-0.55508333
-0.49388038
-0.48433549
-0.42333153
-0.39933606
-0.34620881
-0.30782953
-0.19827383
-0.25042473
-0.30609577
-0.35007231
-0.24798769
-0.40999856
-0.36617852
-0.46013838
-0.44778551
-0.46703856
-0.47106030
-0.52560730
-0.52457760
-0.49739419
-0.51049956
-0.47226255
-0.56943394
-0.49125218
-0.52900808
-0.58795464
-0.55334287
-0.56792010
-0.54821154
-0.54042499
-0.45349862
-0.37754969
-0.30274125
-0.18658908
-0.08795485
-0.08821888
0.04468296
-0.04917376
-0.05741914
-0.08077630
-0.05521567
-0.11495948
-0.01010107
-0.09199111
0.01479381
0.10435321
0.07393666
0.10753025
0.12422131
0.13414959
0.11324800
0.11654351
0.13166179
0.12664505
0.13087939
0.10536250
0.14040431
0.14188013
0.10614161
0.13506842
0.13566399
0.14339152
0.14371871
0.13629324
0.11510180
0.12615576
0.13036159
0.14580988
0.14651803
0.12753811
0.11746834
0.11787770
0.13101341
0.09283303
0.12945601
0.15755087
0.16562016
0.15839833
0.18386888
0.14370086
0.14307176
0.13883839
0.15380917
0.17215591
0.12136172
0.18475510
0.12984919
0.18566101
0.15765856
0.20913588
0.17087601
0.14837323
0.17867467
0.12978055
0.09571940
0.12268406
0.05167167
0.00163541
-0.21670404
-0.21381501
-0.28118481
-0.21315072
-0.24462862
-0.18511785
-0.18831699
-0.22693837
-0.21222976
-0.21583492
-0.26056859
-0.25714792
-0.24479309
-0.24409602
-0.24678064
-0.29175980
-0.29030303
-0.33274823
-0.33635194
-0.28507098
-0.29916037
-0.26469539
-0.32483715
-0.30193814
-0.30589503
-0.24106129
-0.34536625
-0.31067028
-0.31648036
-0.38750099
-0.36713541
-0.45446829
-0.51743105
-0.45905255
-0.46406065
-0.57553806
-0.58328155
-0.60595722
-0.63485441
-0.70555763
-0.75087629
-0.73419372
-0.73397333
-0.73873533
-0.75458200
-0.75156143
-0.74598177
-0.72766296
-0.72755568
-0.68711617
-0.70045124
-0.66238670
-0.59267516
-0.57300061
-0.58549883
-0.54981279
-0.52989597
-0.38116606
-0.19426134
-0.34553842
0.04967705
-0.04026717
-0.07048366
-0.11518506
-0.03495073
-0.12900975
-0.17271864
-0.06612035
-0.21630197
-0.48758965
-0.45989251
-0.43455886
-0.44018037
-0.49220303
-0.43637954
-0.35031123
-0.32000343
-0.27673694
-0.26600414
-0.15474943
-0.18041647
-0.02761688
-0.04759507
-0.03262961
0.08161469
0.01921092
-0.03387853
0.02134452
0.01116318
-0.11628881
-0.30599293
-0.25132582
-0.16898773
-0.21106213
-0.10330043
-0.18178332
-0.18736853
-0.05117290
-0.00158992
-0.09148467
-0.01699663
-0.10240723
-0.14095573
-0.10532678
-0.15044717
-0.25692010
-0.29226766
-0.33858474
-0.36890530
-0.32179463
-0.40869813
-0.53522860
-0.57704247
-0.55157738
-0.64083622
-0.62220681
-0.63388082
-0.64554101
-0.62882300
-0.65805630
-0.56092203
-0.55331505
-0.47110405
-0.03598776
-0.32306362
-0.43395980
-0.50376750
-0.52545997
-0.40445077
-0.43081250
-0.35002396
-0.28441782
-0.26345519
-0.19474977
-0.25111258
-0.22079896
-0.36094280
-0.29092386
-0.25376224
-0.31877417
-0.30459023
-0.32158083
-0.26078001
-0.34010279
-0.27746787
-0.22848419
-0.20385113
-0.17286759
-0.09120335
-0.02011459
-0.11192474
-0.15952234
-0.18806196
-0.18720093
-0.13762497
-0.33555818
-0.35861461
-0.28695283
-0.37632784
-0.44181103
-0.47795881
-0.48682780
-0.48320375
-0.45107406
-0.43232686
-0.43706697
-0.46584259
-0.33453825
-0.27991249
-0.24475019
-0.30611849
-0.25052037
-0.25416893
-0.14682361
-0.11266792
-0.16889038
-0.22130979
-0.10706378
0.00353471
0.00172457
-0.00000932
0.06109743
0.08839320
0.09250315
0.06960627
0.09661178
0.08629745
0.07628766
0.05293543
0.11321496
0.08519505
0.12601023
0.10718180
0.09325807
0.06616327
0.04317313
-0.00477839
-0.05606958
-0.06250147
-0.06917281
-0.21606729
-0.29307314
-0.30134196
-0.34320672
-0.28682574
-0.30549613
-0.22073147
-0.24403244
-0.23490198
-0.25675733
