0.80419896
0.68354023
0.51154844
0.38826801
0.36673992
0.40245972
0.39774344
0.29583874
0.12078017
-0.06780947
-0.23661990
-0.38515146
-0.50602529
-0.56791794
-0.54741042
-0.46213394
-0.36487429
-0.31334683
-0.34395276
-0.45493070
-0.60529126
-0.73829239
-0.81023880
-0.80269709
-0.72750815
-0.63174390
-0.57954229
-0.60556826
-0.68713224
-0.76778462
-0.79711831
-0.74416334
-0.59018669
-0.33098511
-0.00179330
0.29755316
0.43102719
0.31974590
0.01206830
-0.35511121
-0.65918211
-0.85226425
-0.94816177
-0.98185839
-0.98424471
-0.97624396
-0.96942922
-0.96686515
-0.96604151
-0.96381689
-0.95904462
-0.95273554
-0.94803835
-0.94942683
-0.95958154
-0.97604009
-0.99178851
-1.00000000
-0.99773744
-0.98450301
-0.95844403
-0.91439207
-0.84449783
-0.73964285
-0.58962692
-0.38439221
-0.12750244
0.13613128
0.31271864
0.30926493
0.11070206
-0.19697141
-0.48888356
-0.68611176
-0.78183191
-0.80199902
-0.75543807
-0.62137045
-0.37930273
-0.05132217
0.28601911
0.53837690
0.65248538
0.64778794
0.59036701
0.52988716
0.47293518
0.42132066
0.40081671
0.42335126
0.44891257
0.42420941
0.35290756
0.29566873
0.30610714
0.38929901
0.51060441
0.61644429
0.65508651
0.60255363
0.47730194
0.33044907
0.22097381
0.19201589
0.26311124
0.43836250
0.70420177
1.00000000
1.00000000
1.00000000
1.00000000
1.00000000
1.00000000
1.00000000
1.00000000
1.00000000
1.00000000
0.94220419
0.66797566
0.30831608
-0.02440800
-0.25208294
-0.35938941
-0.37225961
-0.32680705
-0.24965117
-0.16002254
-0.08607020
-0.06753383
-0.13488255
-0.28630777
-0.48383390
-0.67260064
-0.81196463
-0.89339736
-0.93199646
-0.94655397
-0.94912791
-0.94674103
-0.94483122
-0.94705217
-0.95376109
-0.96215898
-0.96846117
-0.97054433
-0.96899414
-0.96520286
-0.95866637
-0.94666318
-0.92424965
-0.88197633
-0.80172285
-0.66094469
-0.45803335
-0.24271295
-0.09982464
-0.07934406
-0.15694446
-0.27846907
-0.41581065
-0.56007065
-0.68951383
-0.77066567
-0.78314345
-0.73589406
-0.66636769
-0.62085179
-0.62005824
-0.64179125
-0.64057438
-0.57992940
-0.44644093
-0.25125661
-0.03363733
0.14550864
0.23414143
0.21940977
0.12079465
-0.03577456
-0.21446461
-0.35501859
-0.40246121
-0.36129976
-0.30091512
-0.29630824
-0.36532318
-0.46248982
-0.52587477
-0.52787979
-0.48449956
-0.42159130
-0.34098867
-0.22703674
-0.08141424
0.06327512
0.17149427
0.24282796
0.31744868
0.43961131
0.61536137
0.81285709
0.99977492
1.00000000
1.00000000
1.00000000
1.00000000
0.79301010
0.46233043
0.17856372
-0.04824848
-0.25371888
-0.46162726
-0.65738971
-0.80895090
-0.89985694
-0.93925951
-0.94874018
-0.94722510
-0.94399926
-0.94021261
-0.93453520
-0.92831736
-0.92528819
-0.92767302
-0.93340240
-0.93722583
-0.93438867
-0.92174008
-0.89430810
-0.84162743
-0.75361437
-0.63959931
-0.54231134
-0.51573512
-0.57230515
-0.65655965
-0.68044294
-0.58571249
-0.38231392
-0.14148004
0.05750388
0.18796517
0.27166926
0.31478396
0.28927903
0.19813529
0.11645935
0.13563031
0.27902725
0.47849065
0.61980346
0.61565278
0.45659365
0.21076016
-0.01891691
-0.15031180
-0.15873961
-0.07507477
0.04356820
0.14506639
0.20557695
0.23842569
0.27686466
0.34506160
0.44424717
0.55936228
0.67038034
0.75671521
0.79822180
0.78581637
0.73836314
0.69903367
0.70292313
0.75304512
0.82518330
0.87212959
0.82187990
0.61479344
0.27300970
-0.08334773
-0.30763184
-0.30754748
-0.06953477
0.34852511
0.82195235
1.00000000
1.00000000
1.00000000
1.00000000
0.85600001
0.65928208
0.42121067
0.11171131
-0.21615861
-0.47161177
-0.60751962
-0.63747684
-0.58777704
-0.45637216
-0.23031049
0.05844962
0.31377209
0.43562212
0.40207982
0.27657436
0.13318185
-0.00938998
-0.17263086
-0.35610556
-0.51759216
-0.61743695
-0.65802720
-0.66785258
-0.66299064
-0.63727386
-0.58235277
-0.50035621
-0.39419201
-0.25996527
-0.10737482
0.01945232
0.06727134
0.02884331
-0.03940297
-0.06553921
-0.02708215
0.04273185
0.11082593
0.17533842
0.23467828
0.27498510
0.31021900
0.38420992
0.49224618
0.53713637
0.41232545
0.11751779
-0.24028806
-0.54539757
-0.74760882
-0.85762488
-0.90742583
-0.92473664
-0.92792268
-0.92720195
-0.92538933
-0.92029642
-0.91056130
-0.89903944
-0.89056944
-0.88820423
-0.89194979
-0.89888542
-0.90378337
-0.90120512
-0.88765329
-0.86138975
-0.81957139
-0.75448377
-0.64924711
-0.47843745
-0.22303768
0.10707915
0.46882707
0.80263389
1.00000000
1.00000000
1.00000000
1.00000000
0.96011561
0.94690072
0.99785336
1.00000000
1.00000000
1.00000000
1.00000000
1.00000000
0.85873050
0.62343988
0.49085142
0.49039332
0.61134386
0.83510523
1.00000000
1.00000000
1.00000000
1.00000000
1.00000000
1.00000000
0.66353235
0.35474742
0.15312083
0.03050508
-0.02712700
-0.02448371
0.01154284
0.02991369
-0.01726495
-0.14435913
-0.31691121
-0.46557983
-0.52921899
-0.49985661
-0.43272922
-0.40620777
-0.46019959
-0.57167124
-0.68792882
-0.77307778
-0.82233022
-0.84844554
-0.86416687
-0.87068551
-0.85309451
-0.78180823
-0.62242211
-0.36039971
-0.02713952
0.30608946
0.57221262
0.74278092
0.81912981
0.80617918
0.71090073
0.57144245
0.47118962
0.48404233
0.59195235
0.68657698
0.66593823
0.51164355
0.28123844
0.06733768
-0.03541779
0.02358855
0.20832402
0.42227311
0.59657314
0.73117467
0.83512220
0.86467114
0.75991611
0.51818474
0.19910727
-0.11761252
-0.35017478
-0.41988829
-0.28646336
0.00215468
0.30485936
0.46027484
0.39169903
0.15716543
-0.10103214
-0.26700189
-0.32994851
-0.36173198
-0.42105077
-0.48917160
-0.49653082
-0.39099607
-0.17367349
0.11440470
0.42722457
0.72832765
0.97236571
1.00000000
1.00000000
0.85903605
0.64033201
0.50580103
0.48583183
0.51770480
0.52475139
0.49225826
0.46183793
0.46990794
0.51630674
0.58775868
0.67316024
0.74658669
0.77354086
0.74571595
0.67267855
0.53737744
0.30660004
-0.00780846
-0.33531251
-0.60117348
-0.77479590
-0.86911368
-0.91352802
-0.93338706
-0.94349191
-0.94947571
-0.95240584
-0.95246853
-0.95024491
-0.94430686
-0.92746525
-0.88505918
-0.79995349
-0.66685255
-0.50791492
-0.36845773
-0.28465119
-0.25309241
-0.24001117
-0.22076040
-0.20246017
-0.20563630
-0.22939695
-0.24128831
-0.19947483
-0.07968189
0.11061480
0.32810823
0.50633399
0.59179632
0.57560600
0.48977446
0.37911500
0.27530806
0.18312954
0.08913423
-0.00446618
-0.05671164
-0.01145385
0.15253551
0.40041976
0.66654236
0.89284129
1.00000000
1.00000000
1.00000000
0.81636128
0.53115546
0.23336204
-0.00033034
-0.12292151
-0.13181821
-0.05909423
0.04518057
0.12611019
0.14774335
0.12246882
0.10611759
0.15201462
0.26752136
0.40726408
0.50740881
0.53955268
0.53606887
0.55827006
0.64289696
0.78350355
0.95561324
1.00000000
1.00000000
1.00000000
1.00000000
1.00000000
0.66881617
0.18666649
-0.13910804
-0.26819615
-0.25600006
-0.18220216
-0.09397678
0.00996705
0.15339663
0.34527141
0.56538348
0.77931055
0.96510998
1.00000000
1.00000000
1.00000000
1.00000000
1.00000000
0.84475600
0.65805326
0.65775484
0.84055884
1.00000000
1.00000000
0.89674907
0.47618695
0.00655665
-0.37738901
-0.62626306
-0.76095831
-0.82869995
-0.86952413
-0.90198457
-0.92639749
-0.93456380
-0.91478547
-0.84933156
-0.71714164
-0.51430697
-0.27153392
-0.02736138
0.23270113
0.58013323
1.00000000
1.00000000
1.00000000
1.00000000
1.00000000
0.90228985
0.42582768
0.05964470
-0.09690842
-0.00410158
0.28062189
0.62546684
0.88226149
0.94281915
0.79026521
0.52026776
0.28837497
0.20519204
0.26629182
0.37018818
0.39951623
0.30336097
0.12422474
-0.04890958
-0.16005866
-0.22008105
-0.25995462
-0.26631702
-0.18935657
-0.01706469
0.18311458
0.32263995
0.39100044
0.47751010
0.68524224
1.00000000
1.00000000
1.00000000
1.00000000
1.00000000
1.00000000
1.00000000
1.00000000
1.00000000
0.88429878
0.64660073
0.36562237
0.15307658
0.09334354
0.17099426
0.26712539
0.24229930
0.04584279
-0.25274853
-0.53607759
-0.72922009
-0.82567297
-0.85762037
-0.86161290
-0.86297117
-0.87230003
-0.88656883
-0.89350526
-0.87586836
-0.81458154
-0.69664024
-0.53373422
-0.37631664
-0.29210577
-0.30954052
-0.38248314
-0.42291246
-0.36759426
-0.20962127
0.02001105
0.27967384
0.52666647
0.71758125
0.81975660
0.83466640
0.80670271
0.79113720
0.80458611
0.81162257
0.76117053
0.63602375
0.47286272
0.33916612
0.29723118
0.39697857
0.67077522
1.00000000
1.00000000
1.00000000
1.00000000
1.00000000
1.00000000
1.00000000
1.00000000
1.00000000
1.00000000
1.00000000
1.00000000
1.00000000
1.00000000
1.00000000
1.00000000
1.00000000
1.00000000
1.00000000
0.85986530
0.62166176
0.41963608
0.26213995
0.13427733
0.00053339
-0.16831052
-0.36436869
-0.53571859
-0.61047871
-0.53186275
-0.29222952
0.04414129
0.36727109
0.59708802
0.71932915
0.73767369
0.63942302
0.45063716
0.28676539
0.28397557
0.46461927
0.70231253
0.84840003
0.88760569
0.94773110
1.00000000
1.00000000
1.00000000
1.00000000
1.00000000
1.00000000
0.81633339
0.39345213
0.00946167
-0.28581427
-0.46445381
-0.51982741
-0.46051162
-0.31875487
-0.16385872
-0.08869860
-0.15664107
-0.35032512
-0.58383806
-0.77149071
-0.88043153
-0.92623923
-0.93959824
-0.94298663
-0.94591908
-0.94916562
-0.95067079
-0.95000395
-0.94941154
-0.95159095
-0.95707134
-0.96434324
-0.97148945
-0.97684224
-0.97913119
-0.97770254
-0.97221472
-0.96257852
-0.95029749
-0.93941342
-0.93475567
-0.93871430
-0.94916024
-0.95963333
-0.96266425
-0.95570716
-0.94474676
-0.94055060
-0.94959219
-0.96820457
-0.98631908
-0.99667492
-0.99920563
-0.99724204
-0.99252703
-0.98458622
-0.97265424
-0.95750867
-0.94258750
-0.93277555
-0.93050378
-0.93273337
-0.93208125
-0.92020706
-0.88993546
-0.83669853
-0.76064298
-0.66429170
-0.54202359
-0.37423757
-0.14484650
0.12592472
0.37129191
0.51425201
0.52101079
0.41888656
0.26716846
0.11837666
0.00247507
-0.07152112
-0.11203235
-0.13568420
-0.14980981
-0.14573288
-0.11603739
-0.07659988
-0.06116385
-0.08915847
-0.14588339
-0.19855044
-0.22558273
-0.22798119
-0.22152515
-0.22224968
-0.23403601
-0.24327260
-0.22374052
-0.15067732
-0.01706559
0.16064820
0.35169327
0.52460347
0.66071469
0.77141668
0.89815203
1.00000000
1.00000000
1.00000000
1.00000000
1.00000000
1.00000000
1.00000000
0.96223076
1.00000000
1.00000000
1.00000000
1.00000000
1.00000000
0.83420231
0.54064820
0.35317792
0.30757232
0.35618725
0.43097509
0.49328489
0.51537051
0.44137198
0.21535799
-0.14369500
-0.53029241
-0.83290661
-1.00000000
-1.00000000
-1.00000000
-1.00000000
-1.00000000
-0.97039027
-0.73675297
-0.40266917
-0.01462536
0.36081634
0.65956830
0.83684914
0.87277963
0.76661601
0.53549008
0.22136836
-0.11938694
-0.44256204
-0.72340155
-0.94485336
-1.00000000
-1.00000000
-1.00000000
-1.00000000
-1.00000000
-1.00000000
-1.00000000
-1.00000000
-1.00000000
-1.00000000
-1.00000000
-1.00000000
-1.00000000
-1.00000000
-1.00000000
-1.00000000
-1.00000000
-1.00000000
-1.00000000
-1.00000000
-1.00000000
-1.00000000
-1.00000000
-1.00000000
-1.00000000
-1.00000000
-1.00000000
-1.00000000
-1.00000000
-1.00000000
-1.00000000
-1.00000000
-1.00000000
-1.00000000
-1.00000000
-1.00000000
-1.00000000
-1.00000000
-1.00000000
-1.00000000
-1.00000000
-1.00000000
-1.00000000
-1.00000000
-1.00000000
-1.00000000
-1.00000000
-1.00000000
-1.00000000
-1.00000000
-1.00000000
-1.00000000
-1.00000000
-0.97463891
-0.86803099
-0.68849525
-0.43525308
-0.15089497
0.08502623
0.20439284
0.19076592
0.07249021
-0.10437443
-0.28795048
-0.42787777
-0.49137628
-0.47407414
-0.39009201
-0.25053731
-0.05181079
0.21063100
0.51511660
0.80416315
1.00000000
1.00000000
0.93789829
0.65841520
0.27885143
-0.12116815
-0.46121452
-0.66758889
-0.68484689
-0.50430893
-0.18947758
0.14378581
0.40170967
0.56714826
0.66854425
0.71932179
0.71216562
0.64385571
0.52090675
0.36241875
0.20585976
0.08517649
0.00208073
-0.06226044
-0.11562216
-0.15068021
-0.16081917
-0.14971394
-0.13605153
-0.15043410
-0.21415955
-0.31495922
-0.40670593
-0.43408148
-0.36380932
-0.20626241
-0.01201989
0.16103360
0.28435372
0.35925455
0.38329123
0.33465238
0.20734671
0.05635638
-0.01140907
0.08927327
0.34562023
0.64115731
0.83039149
0.82793010
0.64572928
0.37908552
0.16661473
0.12490844
0.28045066
0.55974017
0.85196215
1.00000000
1.00000000
