0.35836848
0.31982303
0.21876947
0.06327892
-0.09151893
-0.20870851
-0.31815428
-0.46578176
-0.64086851
-0.78720768
-0.86970434
-0.90256156
-0.92084007
-0.94450794
-0.97062880
-0.98947963
-0.99834843
-1.00000000
-0.99493228
-0.98082382
-0.95650386
-0.92365721
-0.88779793
-0.85996017
-0.85287937
-0.86916090
-0.89261087
-0.89038659
-0.82287130
-0.65707743
-0.38349612
-0.02637661
0.35482439
0.66211764
0.77266085
0.60742206
0.21435093
-0.24191253
-0.59575577
-0.78088313
-0.82859367
-0.80409860
-0.75812389
-0.71767583
-0.69498881
-0.69172177
-0.69996912
-0.70801287
-0.70859186
-0.70226052
-0.69597198
-0.69888133
-0.71695956
-0.74924162
-0.78764406
-0.82076265
-0.83915620
-0.83893680
-0.82336701
-0.80243453
-0.78762751
-0.78360589
-0.78595094
-0.78843676
-0.78828211
-0.78012216
-0.74820364
-0.67564599
-0.57007658
-0.47605605
-0.44809648
-0.50435745
-0.61339505
-0.72740912
-0.81743131
-0.87720693
-0.91061905
-0.92441627
-0.92616024
-0.92153631
-0.91115500
-0.88903637
-0.84011722
-0.74146433
-0.58055038
-0.38544989
-0.22684092
-0.16929202
-0.21592940
-0.30134066
-0.32534952
-0.19364145
0.14051746
0.63277932
1.00000000
1.00000000
1.00000000
1.00000000
1.00000000
1.00000000
1.00000000
1.00000000
1.00000000
1.00000000
1.00000000
1.00000000
1.00000000
1.00000000
0.99505727
0.55696497
0.25886431
0.14461097
0.15351760
0.18616261
0.17262941
0.10076627
-0.00656273
-0.13791634
-0.30198976
-0.49207852
-0.67000753
-0.79626127
-0.86088029
-0.87938593
-0.87064717
-0.84695892
-0.81940493
-0.80251387
-0.80655846
-0.82729786
-0.84899858
-0.85778333
-0.84890934
-0.82445393
-0.79137650
-0.76211140
-0.74889043
-0.75140682
-0.75232957
-0.73068321
-0.68165113
-0.62301755
-0.58228034
-0.57609629
-0.60021335
-0.63870045
-0.68017893
-0.72022238
-0.74829890
-0.74101651
-0.67454166
-0.54082661
-0.34903360
-0.12500093
0.07299213
0.15264473
0.04488123
-0.22291878
-0.53570771
-0.78193202
-0.92204387
-0.97796108
-0.98808506
-0.98052936
-0.96916856
-0.95808048
-0.94719236
-0.93655213
-0.92709681
-0.91817762
-0.90217291
-0.85987763
-0.76239526
-0.58466349
-0.33328469
-0.07509201
0.07435944
0.02630892
-0.20129126
-0.49322495
-0.72979459
-0.85956619
-0.89522222
-0.87320985
-0.82924236
-0.79331275
-0.78551777
-0.80919292
-0.84970750
-0.88119325
-0.87899280
-0.83614190
-0.77363435
-0.72625093
-0.70772860
-0.68920413
-0.61631659
-0.45166710
-0.20597749
0.07429578
0.34827847
0.58570021
0.72617076
0.68914116
0.46465256
0.15274909
-0.12639273
-0.33059533
-0.48395069
-0.60931897
-0.70579046
-0.76884398
-0.79946484
-0.79600898
-0.75604715
-0.68926152
-0.62033765
-0.57539208
-0.56624309
-0.58611032
-0.61749196
-0.64429518
-0.66085843
-0.67376879
-0.69539527
-0.73294025
-0.78231556
-0.83274615
-0.87545304
-0.90519186
-0.91474306
-0.89267883
-0.82972493
-0.72798984
-0.60085061
-0.46105231
-0.31027476
-0.14636935
0.01587083
0.13707663
0.17746154
0.13265457
0.04039097
-0.04117562
-0.05083765
0.05751868
0.27029957
0.48252091
0.55303434
0.42541502
0.18860547
-0.00118516
-0.05599009
-0.00413248
0.07959432
0.15356689
0.21299672
0.25868981
0.29873933
0.35777946
0.44040947
0.49260641
0.43814640
0.26747779
0.07559875
-0.00562608
0.08626629
0.31447817
0.61412780
0.95942274
1.00000000
1.00000000
1.00000000
1.00000000
1.00000000
1.00000000
1.00000000
1.00000000
0.66306684
0.26892536
-0.00260892
-0.11339935
-0.10281353
-0.03553524
0.06326305
0.23894402
0.55044923
0.95057591
1.00000000
1.00000000
0.86311108
0.30553502
-0.22406173
-0.59487723
-0.79411050
-0.87378942
-0.89035732
-0.87446251
-0.83245542
-0.76311523
-0.66855031
-0.54858269
-0.39632882
-0.21774566
-0.06213836
-0.01053301
-0.10815561
-0.31296801
-0.52877301
-0.68604982
-0.77901121
-0.83476628
-0.86839803
-0.87153649
-0.82888193
-0.73273275
-0.58226661
-0.37919019
-0.13217857
0.13807784
0.40557795
0.64628779
0.83181594
0.92199164
0.87751960
0.68731796
0.38313885
0.02800771
-0.30760292
-0.56482235
-0.70687777
-0.71942804
-0.60881267
-0.41553264
-0.23151950
-0.16865818
-0.27316321
-0.47969332
-0.67092761
-0.77250863
-0.78503908
-0.75195407
-0.71760229
-0.70574558
-0.71887168
-0.74805542
-0.78158153
-0.80713784
-0.81353027
-0.79507541
-0.75571237
-0.70766332
-0.66462237
-0.63432949
-0.61707639
-0.61227329
-0.62617713
-0.66681450
-0.72499094
-0.76298965
-0.72931441
-0.59066891
-0.36292459
-0.12341988
0.02176137
0.01608923
-0.08861683
-0.16460969
-0.10556220
0.10170735
0.37010696
0.55594976
0.54768075
0.35572936
0.10179479
-0.10205469
-0.24011851
-0.34888070
-0.43046878
-0.44026846
-0.34166531
-0.15015148
0.07703578
0.29813906
0.52934734
0.80368277
1.00000000
1.00000000
1.00000000
0.89063974
0.56232057
0.29159039
0.10361548
-0.02984990
-0.12102033
-0.16106849
-0.17292125
-0.22413040
-0.36123447
-0.55259257
-0.72159099
-0.82055747
-0.85694045
-0.86554639
-0.87327921
-0.88408266
-0.88507387
-0.86402155
-0.82463097
-0.78714272
-0.77377490
-0.79140346
-0.82856721
-0.86819762
-0.90005476
-0.92044917
-0.92455193
-0.90199180
-0.83838161
-0.72021732
-0.54631792
-0.34428395
-0.17128748
-0.08253509
-0.09438326
-0.18499839
-0.32130989
-0.46690776
-0.56800457
-0.55903828
-0.40531965
-0.14496832
0.12536585
0.32454688
0.45060354
0.57255015
0.75631989
0.97866302
1.00000000
1.00000000
0.79237735
0.50545059
0.28132467
0.09625273
-0.11404901
-0.35319779
-0.56944752
-0.72093097
-0.80397079
-0.82943856
-0.79472532
-0.68368978
-0.49211264
-0.25580619
-0.05310949
0.03627682
-0.00630913
-0.11768634
-0.20833449
-0.23640375
-0.21740940
-0.17455848
-0.10578355
-0.00106763
0.12672782
0.24508103
0.33804447
0.43182309
0.56927023
0.76390602
0.99495590
1.00000000
1.00000000
1.00000000
1.00000000
1.00000000
0.95787800
0.83543142
0.65255514
0.35474068
0.04902373
-0.11017404
-0.09239177
-0.01196366
-0.00682237
-0.12500597
-0.31729468
-0.50729031
-0.65201399
-0.74788699
-0.80503129
-0.83135282
-0.83295089
-0.81711241
-0.79409014
-0.77771505
-0.77973362
-0.80012612
-0.82652111
-0.84576785
-0.85458967
-0.85935743
-0.86735074
-0.87831199
-0.88490816
-0.88162773
-0.86974369
-0.85169023
-0.82616852
-0.79425098
-0.76663632
-0.75798304
-0.77237479
-0.79678839
-0.81017124
-0.79772917
-0.75548990
-0.68486950
-0.59186439
-0.49590445
-0.43167353
-0.42919759
-0.48680362
-0.56816723
-0.62752718
-0.63685603
-0.59757083
-0.53921406
-0.50379030
-0.51586455
-0.56244948
-0.60670067
-0.61869891
-0.58281798
-0.47852871
-0.27696119
0.01874750
0.33007163
0.52604630
0.51423118
0.31473472
0.04376942
-0.16489253
-0.22663343
-0.13585983
0.03774449
0.19847730
0.29466647
0.34176441
0.38415461
0.44833749
0.52170625
0.56481954
0.55365090
0.49745019
0.39671497
0.21843037
-0.05098000
-0.35790357
-0.61966109
-0.79109988
-0.87910240
-0.91402586
-0.92360714
-0.92396826
-0.92152180
-0.91741367
-0.90929309
-0.89111397
-0.85726339
-0.81125783
-0.76848257
-0.74524712
-0.74448250
-0.75317543
-0.74811821
-0.69726934
-0.56279400
-0.32464126
-0.02042753
0.24086267
0.33064492
0.19151670
-0.11615502
-0.45989591
-0.72664671
-0.87669322
-0.93216956
-0.93637234
-0.92382630
-0.91085562
-0.89962766
-0.88770317
-0.87549940
-0.86647696
-0.86262545
-0.86223840
-0.86271880
-0.86302105
-0.86161908
-0.85525868
-0.84158133
-0.81806600
-0.76930329
-0.65776110
-0.44073012
-0.10655135
0.31400486
0.77616113
1.00000000
1.00000000
1.00000000
1.00000000
1.00000000
1.00000000
1.00000000
0.75157213
0.48359355
0.28760266
0.10007062
-0.08197962
-0.20074891
-0.19998835
-0.05399367
0.23331312
0.61545307
0.98693701
1.00000000
1.00000000
0.85094258
0.41526966
0.02647355
-0.18280034
-0.17231383
-0.00175007
0.19992169
0.31090983
0.29161235
0.18133340
0.03481132
-0.11036077
-0.21359741
-0.22227535
-0.10877512
0.08753809
0.26865691
0.34520393
0.30993655
0.24503661
0.24599377
0.33558203
0.44842791
0.48423055
0.37494028
0.12543059
-0.19243055
-0.48863543
-0.70709051
-0.83938685
-0.90282415
-0.91662015
-0.89804609
-0.86818500
-0.84911910
-0.85192049
-0.87139711
-0.89394856
-0.90927229
-0.91455760
-0.90949344
-0.88767125
-0.83671127
-0.75543131
-0.67296565
-0.63718031
-0.66827316
-0.72630902
-0.73237964
-0.62601109
-0.41812716
-0.20549281
-0.11540914
-0.20269610
-0.40205276
-0.59497723
-0.70857801
-0.73825021
-0.70356201
-0.61446799
-0.47453067
-0.29425817
-0.09810677
0.07134060
0.16631486
0.17454325
0.14858632
0.17557967
0.30743620
0.52354223
0.75630798
0.93547026
1.00000000
0.91353190
0.66307861
0.30902939
-0.04427697
-0.29056606
-0.35769418
-0.22839916
0.04902123
0.37047163
0.61569361
0.69656173
0.58157205
0.30090941
-0.05585381
-0.37289919
-0.57257400
-0.65100595
-0.65150315
-0.61669865
-0.56719894
-0.51062017
-0.45461045
-0.40366745
-0.34696637
-0.26271899
-0.14151665
0.00463592
0.15817844
0.30396515
0.41430240
0.44895481
0.39895878
0.32782853
0.34492542
0.52028766
0.82629994
1.00000000
1.00000000
1.00000000
1.00000000
1.00000000
1.00000000
1.00000000
1.00000000
1.00000000
0.83128645
0.42487210
0.01149207
-0.36563869
-0.63738057
-0.74946127
-0.68763061
-0.48412348
-0.22926356
-0.05390032
-0.04991226
-0.19852215
-0.39733087
-0.55279790
-0.63456024
-0.66123334
-0.66486017
-0.66950067
-0.68489071
-0.70779016
-0.72775865
-0.73411141
-0.72201955
-0.69525248
-0.66452580
-0.64259499
-0.63809704
-0.65092585
-0.67315115
-0.69537886
-0.71250396
-0.72444674
-0.73326942
-0.73943302
-0.73936152
-0.72726222
-0.70121485
-0.66813497
-0.64212601
-0.63626335
-0.65449762
-0.69068064
-0.73326383
-0.76782276
-0.77826196
-0.75459421
-0.70417617
-0.65164498
-0.62292030
-0.62867475
-0.66251581
-0.71050673
-0.75913450
-0.79795021
-0.82144599
-0.83025546
-0.82786603
-0.81657164
-0.79937618
-0.78208319
-0.76714243
-0.74635469
-0.70671050
-0.64633221
-0.58129724
-0.53089432
-0.49583878
-0.45861733
-0.41103462
-0.37398079
-0.37990482
-0.44039463
-0.53854392
-0.64526268
-0.73381292
-0.78659657
-0.80085358
-0.78937454
-0.77153619
-0.76119126
-0.76103054
-0.76461322
-0.76366623
-0.75663526
-0.75200937
-0.76160269
-0.78847125
-0.82111008
-0.84093666
-0.83716577
-0.81394303
-0.77984578
-0.72904325
-0.63285657
-0.45807420
-0.21263270
0.02189712
0.13766642
0.11958396
0.09575546
0.21622591
0.47683823
0.71018184
0.77516178
0.72215661
0.73302941
0.91144133
1.00000000
1.00000000
1.00000000
1.00000000
1.00000000
1.00000000
1.00000000
1.00000000
1.00000000
1.00000000
0.87264546
0.54934615
0.25766533
-0.06844516
-0.43677369
-0.78936060
-1.00000000
-1.00000000
-1.00000000
-1.00000000
-1.00000000
-1.00000000
-1.00000000
-1.00000000
-1.00000000
-1.00000000
-0.87555939
-0.75534938
-0.64306651
-0.51887749
-0.38416790
-0.28001189
-0.26816963
-0.38631198
-0.61378506
-0.88026463
-1.00000000
-1.00000000
-1.00000000
-1.00000000
-1.00000000
-1.00000000
-1.00000000
-0.97458623
-0.96495802
-1.00000000
-1.00000000
-1.00000000
-1.00000000
-1.00000000
-1.00000000
-1.00000000
-1.00000000
-1.00000000
-1.00000000
-1.00000000
-1.00000000
-1.00000000
-1.00000000
-1.00000000
-1.00000000
-1.00000000
-1.00000000
-1.00000000
-1.00000000
-1.00000000
-1.00000000
-1.00000000
-1.00000000
-1.00000000
-1.00000000
-1.00000000
-1.00000000
-1.00000000
-1.00000000
-1.00000000
-1.00000000
-1.00000000
-1.00000000
-1.00000000
-1.00000000
-1.00000000
-1.00000000
-1.00000000
-1.00000000
-1.00000000
-1.00000000
-1.00000000
-1.00000000
-1.00000000
-1.00000000
-1.00000000
-1.00000000
-0.96940772
-0.62603856
-0.19021456
0.18238574
0.31981182
0.17537731
-0.14004170
-0.46610425
-0.69980936
-0.80244771
-0.75368236
-0.52367914
-0.08627707
0.52183570
1.00000000
1.00000000
1.00000000
1.00000000
1.00000000
1.00000000
0.93935273
0.54624100
0.12254701
-0.23568814
-0.48646107
-0.62386996
-0.61879162
-0.42755703
-0.07295180
0.31127581
0.54527253
0.52266593
0.27644240
-0.05503439
-0.32028547
-0.42938795
-0.37702944
-0.23334514
-0.10911238
-0.08414508
-0.13961705
-0.16754996
-0.05773519
0.22006633
0.59155047
0.90350430
0.98894152
0.76513341
0.30477234
-0.20426160
-0.58949579
-0.78739806
-0.83177529
-0.79104940
-0.72106464
-0.64886133
-0.58123687
-0.51919345
-0.44888804
-0.31351293
-0.02912523
0.42785686
0.94434912
1.00000000
1.00000000
1.00000000
0.68015426
0.24758753
-0.02307860
-0.09757281
-0.06619677
-0.05060184
-0.10511827
-0.21055844
-0.33138939
-0.44119536
-0.51007101
