0.18163091
0.12939749
0.02153555
-0.11075138
-0.20474357
-0.23689683
-0.26557648
-0.36725448
-0.54660578
-0.73764428
-0.87743475
-0.95136060
-0.97854732
-0.98133365
-0.97266547
-0.96009137
-0.95083756
-0.95093625
-0.96088433
-0.97524500
-0.98739144
-0.99396024
-0.99499562
-0.99180397
-0.98611234
-0.98045219
-0.97730448
-0.97440386
-0.95898429
-0.90338913
-0.77114275
-0.54293258
-0.25295920
0.00348322
0.11637285
0.03135700
-0.21223331
-0.50736335
-0.75068032
-0.89879402
-0.96676164
-0.99014093
-0.99596298
-0.99691125
-0.99709158
-0.99705070
-0.99667631
-0.99581362
-0.99466244
-0.99381025
-0.99386563
-0.99488577
-0.99625694
-0.99724291
-0.99755909
-0.99739997
-0.99708598
-0.99678749
-0.99649171
-0.99607371
-0.99530600
-0.99381549
-0.99063596
-0.98320543
-0.96616937
-0.93268362
-0.88161420
-0.82686522
-0.79497887
-0.80532018
-0.85210967
-0.91016386
-0.95654850
-0.98352910
-0.99479373
-0.99586927
-0.98869401
-0.97224375
-0.94726342
-0.92051585
-0.90016566
-0.88276175
-0.84425091
-0.75095490
-0.58878749
-0.38865794
-0.21752852
-0.13326086
-0.14000183
-0.18194030
-0.17531449
-0.05484316
0.19012106
0.50164096
0.77175117
0.90251468
0.87256374
0.74289774
0.59799814
0.49320738
0.45149176
0.47632555
0.55044262
0.63209806
0.67284611
0.64352843
0.53850275
0.36814139
0.16616516
-0.00623794
-0.08998893
-0.07513038
-0.01748026
0.00095381
-0.06105675
-0.17661568
-0.29705203
-0.41179772
-0.54130185
-0.68744092
-0.82036688
-0.90978089
-0.94723560
-0.93712974
-0.88385556
-0.79839885
-0.71382892
-0.67730028
-0.71309547
-0.79880614
-0.88761476
-0.94825342
-0.97821047
-0.98945881
-0.99295456
-0.99420157
-0.99508910
-0.99595098
-0.99671306
-0.99723302
-0.99749908
-0.99758501
-0.99756804
-0.99750742
-0.99746715
-0.99750960
-0.99762964
-0.99750100
-0.99618083
-0.99005426
-0.96867755
-0.91095320
-0.79359787
-0.62129614
-0.45477137
-0.38507273
-0.45509302
-0.61656996
-0.77981582
-0.89068273
-0.94890753
-0.97582215
-0.98666480
-0.98714398
-0.98045363
-0.97181600
-0.96774576
-0.97134036
-0.97991595
-0.98702283
-0.98530045
-0.96489159
-0.91064189
-0.80566860
-0.64467498
-0.45153031
-0.28688520
-0.22643489
-0.30860555
-0.49491285
-0.69248638
-0.81822982
-0.84067141
-0.78133267
-0.69917823
-0.66119873
-0.69846535
-0.78313334
-0.85528989
-0.86577596
-0.79549366
-0.66095177
-0.51996772
-0.44847179
-0.47681911
-0.54697055
-0.54975617
-0.41314103
-0.16290046
0.09898634
0.28581114
0.39160850
0.45572960
0.49009004
0.47637142
0.40993382
0.30162866
0.14674723
-0.07094770
-0.33933370
-0.60409479
-0.80602595
-0.92377908
-0.97580330
-0.99267505
-0.99604454
-0.99565202
-0.99483677
-0.99447709
-0.99479615
-0.99546565
-0.99598851
-0.99608984
-0.99588438
-0.99572052
-0.99584451
-0.99612288
-0.99508706
-0.98811298
-0.96575095
-0.91717696
-0.84274325
-0.76625940
-0.72369855
-0.72455682
-0.72201115
-0.63071987
-0.38975823
-0.03064788
0.31242385
0.48872408
0.44918988
0.26925646
0.06456981
-0.08300687
-0.13179026
-0.07871915
0.02613227
0.09587090
0.06147168
-0.08267546
-0.27778707
-0.44017625
-0.50730032
-0.45575388
-0.29641540
-0.06412941
0.19803782
0.45399950
0.67682178
0.83795440
0.90062555
0.83325372
0.64799779
0.42731221
0.28491788
0.28631765
0.42342032
0.66260164
0.97706218
1.00000000
1.00000000
1.00000000
1.00000000
1.00000000
1.00000000
1.00000000
1.00000000
0.65971577
0.11051629
-0.29544180
-0.48855244
-0.49786525
-0.40133220
-0.24936336
-0.04784268
0.17897196
0.33839422
0.32524208
0.12779537
-0.15950235
-0.43083750
-0.64163172
-0.79352442
-0.89499506
-0.95119750
-0.96789023
-0.94717428
-0.88409186
-0.77803712
-0.64834554
-0.52987252
-0.45041036
-0.42297995
-0.45683286
-0.55250593
-0.68312423
-0.80068331
-0.86780889
-0.88007375
-0.86351556
-0.85411576
-0.87220676
-0.91072484
-0.94578655
-0.95122654
-0.89609686
-0.73598447
-0.43050158
0.00535016
0.46401511
0.78257287
0.84586875
0.66855172
0.37535543
0.09397372
-0.13014101
-0.31575367
-0.47876093
-0.60874346
-0.68228399
-0.66846951
-0.54344923
-0.33498516
-0.14676671
-0.10123226
-0.23849932
-0.48376725
-0.71994129
-0.87758161
-0.95553430
-0.98478185
-0.99310800
-0.99477091
-0.99480753
-0.99461640
-0.99464665
-0.99496286
-0.99539564
-0.99570431
-0.99575993
-0.99562170
-0.99550784
-0.99567634
-0.99625713
-0.99706203
-0.99747176
-0.99491940
-0.98173085
-0.94076609
-0.84764054
-0.68791981
-0.48283080
-0.29353706
-0.18317163
-0.15741125
-0.13580566
0.00137287
0.30710174
0.69752574
0.99857648
1.00000000
0.88078342
0.54195468
0.20409453
-0.03193717
-0.16240889
-0.23172301
-0.27170896
-0.29342374
-0.29571675
-0.26268065
-0.17731827
-0.04067792
0.13619008
0.33444120
0.49838249
0.54217186
0.42888742
0.22262931
0.03040495
-0.08915306
-0.14146508
-0.15544611
-0.15864184
-0.17369523
-0.22151628
-0.32377986
-0.48527508
-0.67197623
-0.82909822
-0.92464549
-0.96483274
-0.97454645
-0.97543767
-0.97805969
-0.98356225
-0.98914961
-0.99293022
-0.99499886
-0.99614949
-0.99646017
-0.99374425
-0.98100585
-0.94385666
-0.86391190
-0.73462206
-0.57490795
-0.41469894
-0.26037203
-0.09186110
0.09405541
0.24984535
0.29819967
0.19130822
-0.04350914
-0.31521087
-0.52981209
-0.63891154
-0.63784448
-0.54442502
-0.39064539
-0.20984982
-0.01362118
0.19548906
0.38646609
0.51009032
0.55293944
0.54394905
0.50701655
0.43925905
0.32931106
0.16705084
-0.05390623
-0.31235446
-0.54323696
-0.67110243
-0.66941931
-0.58814733
-0.52191825
-0.53990117
-0.63430842
-0.73541753
-0.77331277
-0.73059878
-0.65167989
-0.60513785
-0.62282477
-0.66982059
-0.67820115
-0.60745763
-0.47002661
-0.30296541
-0.12230763
0.07850626
0.28428567
0.44392215
0.52326731
0.54736098
0.56547483
0.59210599
0.59856519
0.54472887
0.41073342
0.21889551
0.03414055
-0.07891433
-0.11072234
-0.10540801
-0.10121184
-0.08509062
-0.01726914
0.09483046
0.16280587
0.08426483
-0.15318784
-0.45671124
-0.71482008
-0.87699322
-0.95571028
-0.98586712
-0.99497946
-0.99719143
-0.99757601
-0.99728784
-0.99650158
-0.99537635
-0.99414513
-0.99284992
-0.99144151
-0.99017342
-0.98964270
-0.99023683
-0.99176501
-0.99376715
-0.99584108
-0.99757816
-0.99861966
-0.99896879
-0.99899984
-0.99904955
-0.99911365
-0.99895101
-0.99831530
-0.99704315
-0.99512678
-0.99281600
-0.99052062
-0.98854851
-0.98708503
-0.98617553
-0.98538167
-0.98396671
-0.98193856
-0.98010217
-0.97823094
-0.97427803
-0.96679431
-0.95754058
-0.94986616
-0.94446341
-0.93567358
-0.90938755
-0.83881684
-0.68832558
-0.44065872
-0.13551075
0.13246243
0.27575346
0.27666642
0.18955336
0.09948535
0.07645500
0.13642049
0.22774075
0.27115170
0.23044664
0.14344719
0.08663558
0.11272245
0.21518763
0.35015040
0.48739987
0.62256964
0.72698349
0.71385038
0.50305802
0.12570421
-0.27638161
-0.56867127
-0.72107924
-0.79094139
-0.84218478
-0.89670455
-0.94433870
-0.97391008
-0.98665677
-0.99068438
-0.99213496
-0.99230269
-0.98957298
-0.98281224
-0.97301652
-0.96130452
-0.94362930
-0.90774287
-0.83610515
-0.71482466
-0.54513271
-0.35458523
-0.19945491
-0.14522794
-0.22661211
-0.41615110
-0.63685369
-0.81483771
-0.92182361
-0.97171417
-0.99070695
-0.99703618
-0.99875843
-0.99878345
-0.99810154
-0.99722584
-0.99640053
-0.99587078
-0.99585895
-0.99633226
-0.99683119
-0.99572247
-0.98858263
-0.96513350
-0.90714297
-0.79222879
-0.60506796
-0.35292292
-0.07629378
0.16042248
0.30285456
0.33625235
0.28593072
0.21049810
0.19314959
0.29393916
0.49277269
0.71134861
0.88664956
0.98494024
0.96490383
0.79201238
0.49320062
0.15942677
-0.10878505
-0.25187422
-0.27188293
-0.22166490
-0.16222836
-0.12058023
-0.09315903
-0.08827445
-0.13990311
-0.25318616
-0.35970023
-0.37353467
-0.28872853
-0.18216409
-0.11895034
-0.09145100
-0.05923497
-0.01179376
0.03044526
0.06535403
0.13890867
0.30446986
0.54691380
0.77107395
0.88411724
0.88154083
0.84333802
0.84908133
0.90037211
0.92474601
0.84941947
0.65795606
0.37879328
0.05067955
-0.28359624
-0.57480598
-0.78549976
-0.90966063
-0.96870229
-0.99122170
-0.99806789
-0.99973764
-1.00000000
-0.99971104
-0.99839356
-0.99331087
-0.97622047
-0.93012793
-0.83569929
-0.69568100
-0.55872103
-0.49947738
-0.55137835
-0.66193888
-0.72147780
-0.62816536
-0.33841019
0.09748029
0.53095523
0.78578317
0.77100528
0.52589417
0.16345077
-0.20091415
-0.47479698
-0.59881066
-0.56858938
-0.44051901
-0.29067540
-0.15537431
-0.01850366
0.14596649
0.34588675
0.58027003
0.83819248
1.00000000
1.00000000
1.00000000
1.00000000
1.00000000
1.00000000
0.81758274
0.46680648
0.16463861
-0.01283369
-0.00491856
0.19768413
0.51939125
0.83195386
1.00000000
1.00000000
0.87028169
0.52072018
0.07725740
-0.33650970
-0.61855241
-0.73775421
-0.73190334
-0.67835783
-0.65506209
-0.69653949
-0.77381778
-0.82043781
-0.77623829
-0.61376476
-0.34497511
-0.01279242
0.32856200
0.62026805
0.78908100
0.76771835
0.56892655
0.33222036
0.24707163
0.39215681
0.65978041
0.86034185
0.90026122
0.84943740
0.84908294
0.97276260
1.00000000
1.00000000
1.00000000
0.96247790
0.58618123
0.17095874
-0.22254635
-0.54248503
-0.74319985
-0.79867069
-0.70909813
-0.51098230
-0.29286347
-0.17440313
-0.22970206
-0.42674947
-0.65967438
-0.83805876
-0.93674038
-0.97748063
-0.99001622
-0.99278668
-0.99331082
-0.99371345
-0.99436587
-0.99514283
-0.99580144
-0.99615442
-0.99610975
-0.99568968
-0.99505787
-0.99447633
-0.99414491
-0.99408551
-0.99420882
-0.99440373
-0.99452167
-0.99441017
-0.99408162
-0.99379581
-0.99387705
-0.99441874
-0.99517678
-0.99574889
-0.99585625
-0.99549453
-0.99489427
-0.99437820
-0.99419622
-0.99440295
-0.99485497
-0.99530976
-0.99554550
-0.99545069
-0.99507830
-0.99464817
-0.99445293
-0.99464366
-0.99507114
-0.99542855
-0.99560040
-0.99578054
-0.99619023
-0.99677042
-0.99712038
-0.99654555
-0.99402283
-0.98848689
-0.98001486
-0.97114887
-0.96611772
-0.96757739
-0.97439195
-0.98313062
-0.99096652
-0.99673160
-1.00000000
-1.00000000
-1.00000000
-1.00000000
-1.00000000
-1.00000000
-0.99946246
-0.99857977
-0.99805084
-0.99792216
-0.99799520
-0.99813313
-0.99848811
-0.99922376
-1.00000000
-1.00000000
-1.00000000
-1.00000000
-0.99869998
-0.99205490
-0.97074029
-0.91300042
-0.79096857
-0.59871388
-0.38388674
-0.23017518
-0.17819746
-0.17515158
-0.13434074
-0.03563615
0.07145404
0.16092352
0.28059435
0.48891966
0.76389614
0.99534575
1.00000000
0.93510661
0.67964653
0.43975365
0.33989473
0.40968541
0.56922058
0.70323310
0.75139852
0.71261675
0.58933033
0.37388482
0.08286395
-0.23267250
-0.51604140
-0.73137009
-0.86960460
-0.94282727
-0.97346057
-0.98092744
-0.97057503
-0.92913270
-0.83490172
-0.68661709
-0.52975736
-0.43666801
-0.44202854
-0.50474868
-0.54725863
-0.52926473
-0.48280836
-0.48036602
-0.56445986
-0.70824563
-0.84799313
-0.94149449
-0.98722887
-1.00000000
-1.00000000
-1.00000000
-1.00000000
-0.99973777
-0.99917550
-1.00000000
-1.00000000
-1.00000000
-1.00000000
-1.00000000
-1.00000000
-1.00000000
-1.00000000
-1.00000000
-1.00000000
-1.00000000
-1.00000000
-1.00000000
-1.00000000
-1.00000000
-1.00000000
-1.00000000
-1.00000000
-1.00000000
-1.00000000
-1.00000000
-1.00000000
-1.00000000
-1.00000000
-1.00000000
-1.00000000
-1.00000000
-1.00000000
-1.00000000
-1.00000000
-1.00000000
-1.00000000
-1.00000000
-1.00000000
-1.00000000
-1.00000000
-1.00000000
-1.00000000
-1.00000000
-1.00000000
-1.00000000
-0.99757383
-0.98368003
-0.97004479
-0.96395126
-0.96855495
-0.97827535
-0.97912119
-0.94892794
-0.85572605
-0.66789770
-0.38593928
-0.06683917
0.20103117
0.35187409
0.35890862
0.21831483
-0.03579055
-0.30474152
-0.45843699
-0.40863486
-0.14842660
0.24793529
0.64156401
0.88757450
0.93621662
0.87202179
0.81341229
0.77563927
0.66406137
0.40052436
0.02305603
-0.34693373
-0.60433408
-0.70725984
-0.65875541
-0.49341678
-0.28255081
-0.10776151
-0.00932141
0.01630137
-0.02986630
-0.15098361
-0.30398886
-0.39776036
-0.36746509
-0.23582972
-0.09609832
-0.04094286
-0.09142988
-0.17838694
-0.20103844
-0.11320073
0.04336021
0.17199970
0.17699533
0.01635863
-0.26624430
-0.56627424
-0.79256528
-0.91774474
-0.96408547
-0.96117418
-0.92011940
-0.83446485
-0.69875058
-0.52912399
-0.36062455
-0.21516580
-0.07581066
0.09775425
0.32180827
0.55083370
0.68910325
0.65692390
0.46010720
0.18945913
-0.05965761
-0.25888826
-0.42527326
-0.55462766
-0.61364695
-0.58984909
-0.51679479
-0.44451936
-0.40399429
