0.46460837
0.34810161
0.19506675
0.07948665
0.00752412
-0.05549109
-0.12590728
-0.18843621
-0.22792111
-0.25575348
-0.30291267
-0.39132373
-0.51180076
-0.62802806
-0.70313828
-0.72581045
-0.71078231
-0.67024788
-0.59284317
-0.46965045
-0.33978480
-0.28034807
-0.32886652
-0.43220004
-0.49377409
-0.46124132
-0.34974030
-0.19768718
-0.03969811
0.07497336
0.08649201
-0.01888609
-0.17697076
-0.29686973
-0.34128927
-0.34858697
-0.38051374
-0.45666736
-0.54585823
-0.61474518
-0.66527964
-0.71917573
-0.78400532
-0.84843179
-0.89926246
-0.92903821
-0.93329409
-0.91081265
-0.86613408
-0.80699662
-0.73969285
-0.66951690
-0.60604931
-0.56690379
-0.57208660
-0.62716913
-0.71126862
-0.78916865
-0.83666034
-0.84855126
-0.82534050
-0.76340942
-0.65930189
-0.51483569
-0.33853649
-0.14893055
0.02492740
0.15573738
0.23565186
0.28326460
0.33079635
0.39467532
0.45209376
0.45779589
0.39464181
0.29878814
0.23134933
0.23555811
0.31520930
0.43060381
0.51739521
0.53453910
0.50141907
0.47887982
0.51553817
0.61453248
0.74314796
0.86470850
0.95387724
0.98436931
0.92427514
0.76227652
0.53260192
0.30254456
0.13386595
0.05052174
0.03092976
0.02919715
0.01914009
0.02889042
0.11760833
0.29497585
0.47413503
0.53521981
0.44142134
0.27031295
0.12742594
0.05410240
0.02754831
0.02172253
0.04093484
0.09483102
0.16047933
0.18783856
0.14812991
0.07011473
0.02021964
0.04527445
0.13706209
0.25204342
0.35982991
0.46362684
0.57678451
0.69617432
0.80733052
0.90880788
1.00000000
1.00000000
1.00000000
1.00000000
0.71996269
0.31941289
-0.07522822
-0.37649429
-0.55375301
-0.62660964
-0.64121250
-0.64436742
-0.65930686
-0.67675009
-0.67342871
-0.64051100
-0.59599603
-0.57400708
-0.59764693
-0.65149848
-0.67825719
-0.61162589
-0.42519558
-0.15587210
0.12148375
0.34120764
0.46862458
0.49088717
0.41312025
0.27429114
0.14457066
0.07794801
0.06379000
0.04177105
-0.02685048
-0.11092973
-0.13049805
-0.01728972
0.22724434
0.50471069
0.66932858
0.64831278
0.51595829
0.43074432
0.50521331
0.73392442
1.00000000
1.00000000
1.00000000
1.00000000
0.75234901
0.41912269
0.14897958
-0.01487714
-0.06859949
-0.02778475
0.07420340
0.18559198
0.26045138
0.28872217
0.29648269
0.32086922
0.38401146
0.47511821
0.55495617
0.59483373
0.61106487
0.64690955
0.72577001
0.83381298
0.93810397
1.00000000
1.00000000
1.00000000
0.98814860
0.88094947
0.73778666
0.59536881
0.47088649
0.35937856
0.26516302
0.20267127
0.16350789
0.11275873
0.02358108
-0.10144980
-0.24366492
-0.38852841
-0.52905888
-0.65662721
-0.75490860
-0.80564405
-0.80116076
-0.75203382
-0.68503560
-0.63344682
-0.62083479
-0.64321369
-0.66484913
-0.63895656
-0.54244903
-0.39557934
-0.24592789
-0.12955929
-0.05005857
0.00256536
0.02622144
0.01949603
0.01574608
0.07087345
0.19519178
0.31882301
0.35886891
0.31205933
0.25152798
0.24234080
0.29065104
0.36657329
0.44050952
0.48804633
0.48846052
0.44150428
0.36981032
0.28543467
0.17601075
0.05273861
-0.01095265
0.06376863
0.26162713
0.46332918
0.55168032
0.51424538
0.43691363
0.41508479
0.47635184
0.57102169
0.62972208
0.62688922
0.58051965
0.50277483
0.37998061
0.20799463
0.02500571
-0.10822204
-0.15810974
-0.14018965
-0.08885161
-0.00850062
0.13291004
0.35799865
0.64158357
0.92302125
1.00000000
1.00000000
1.00000000
0.97496367
0.75023487
0.60011281
0.57272578
0.63454408
0.70819221
0.72711708
0.66895418
0.55600081
0.43049984
0.32976366
0.27845663
0.28782661
0.34579661
0.40987316
0.42689242
0.37285407
0.27192809
0.17561367
0.12574344
0.13078806
0.16496164
0.18852941
0.17617392
0.12994815
0.06944535
0.01708480
-0.00999221
-0.00516522
0.02472832
0.06322835
0.09524871
0.11891940
0.14940513
0.20821975
0.30232208
0.40957378
0.48842023
0.50979417
0.48569277
0.46624542
0.50197026
0.59998566
0.71935237
0.81687972
0.88498165
0.93091479
0.94492016
0.92115375
0.89064875
0.89465129
0.93131404
0.95151993
0.90008564
0.75208749
0.52785587
0.28471171
0.08274039
-0.05030199
-0.12633328
-0.18342973
-0.26375573
-0.38349960
-0.51549729
-0.61127485
-0.64266405
-0.61600661
-0.55210631
-0.46716033
-0.37696327
-0.30523523
-0.27354380
-0.28554850
-0.32661315
-0.37263993
-0.39567721
-0.36799714
-0.27110788
-0.10810834
0.09098167
0.28297952
0.43840108
0.55233503
0.62899102
0.66803129
0.67170402
0.65589836
0.64352903
0.65241892
0.70167156
0.81790542
1.00000000
1.00000000
1.00000000
1.00000000
1.00000000
1.00000000
1.00000000
1.00000000
0.94235806
0.78736831
0.62194100
0.47228255
0.38694464
0.39753083
0.49589198
0.65216444
0.84332383
1.00000000
1.00000000
1.00000000
1.00000000
1.00000000
1.00000000
1.00000000
1.00000000
1.00000000
1.00000000
0.93449113
0.79068793
0.71480637
0.71879218
0.75312638
0.73638200
0.61108568
0.37723835
0.08871000
-0.17644175
-0.35240544
-0.40803581
-0.34822193
-0.20981434
-0.05629341
0.04511222
0.06178737
0.01700806
-0.03024208
-0.03001353
0.02883087
0.13093285
0.26785810
0.44367818
0.64308116
0.81890116
0.93300168
0.99597901
1.00000000
1.00000000
1.00000000
1.00000000
0.97367714
0.93623549
0.98657724
1.00000000
1.00000000
1.00000000
0.93972221
0.69232056
0.52362938
0.49308462
0.56856476
0.69677981
0.85617525
1.00000000
1.00000000
1.00000000
1.00000000
0.89079690
0.78185372
0.78906187
0.87598280
0.96040448
0.99239786
0.98022676
0.95506866
0.93476976
0.91835619
0.89612972
0.86638353
0.85228647
0.89247943
0.99749893
1.00000000
1.00000000
1.00000000
0.84890977
0.55729090
0.29777757
0.15662263
0.15504818
0.22743260
0.27963098
0.28544158
0.30264076
0.39098704
0.55334333
0.76270055
0.99544224
1.00000000
1.00000000
1.00000000
1.00000000
0.88177836
0.55336093
0.30360607
0.18930357
0.17791194
0.17140075
0.07560124
-0.13080638
-0.38478699
-0.59820585
-0.72410563
-0.76840472
-0.76075015
-0.73036293
-0.69867263
-0.67649423
-0.66058860
-0.63447339
-0.57321746
-0.44834776
-0.23513061
0.07259399
0.44910358
0.84241059
1.00000000
1.00000000
1.00000000
1.00000000
1.00000000
1.00000000
1.00000000
1.00000000
1.00000000
1.00000000
1.00000000
1.00000000
1.00000000
1.00000000
1.00000000
1.00000000
1.00000000
1.00000000
1.00000000
1.00000000
1.00000000
1.00000000
1.00000000
1.00000000
1.00000000
1.00000000
1.00000000
1.00000000
1.00000000
1.00000000
0.99812989
0.82175386
0.81336751
0.94689118
1.00000000
1.00000000
1.00000000
1.00000000
1.00000000
1.00000000
1.00000000
1.00000000
1.00000000
1.00000000
1.00000000
1.00000000
1.00000000
0.94802064
0.89606832
0.90122552
0.95651192
1.00000000
1.00000000
0.92227334
0.74279738
0.54908745
0.40049553
0.33174899
0.35766429
0.47669147
0.66490147
0.87510182
1.00000000
1.00000000
1.00000000
1.00000000
1.00000000
1.00000000
1.00000000
1.00000000
1.00000000
1.00000000
1.00000000
1.00000000
1.00000000
1.00000000
1.00000000
1.00000000
0.86157327
0.67014356
0.46204357
0.24004781
0.04228533
-0.09747472
-0.17572227
-0.20084748
-0.16737325
-0.07017548
0.05620241
0.14222850
0.14761843
0.10391916
0.07314165
0.07600170
0.08128920
0.06482812
0.05554949
0.10403048
0.21715611
0.35404537
0.47944011
0.58440759
0.65211182
0.64818177
0.56824179
0.46496862
0.40082474
0.38795316
0.39414516
0.39844141
0.41676816
0.46788754
0.53468082
0.57852842
0.58839280
0.60172315
0.66909783
0.79928983
0.94429674
1.00000000
1.00000000
1.00000000
1.00000000
1.00000000
1.00000000
1.00000000
1.00000000
1.00000000
1.00000000
1.00000000
1.00000000
1.00000000
1.00000000
1.00000000
1.00000000
1.00000000
1.00000000
1.00000000
0.98299651
0.73124541
0.51320617
0.36419577
0.28089183
0.24412951
0.24819484
0.30042848
0.39267683
0.48713601
0.54035064
0.53310581
0.46949870
0.35889501
0.21274959
0.05131297
-0.10339818
-0.24093037
-0.35887074
-0.45059534
-0.50755952
-0.52663624
-0.50455359
-0.42711644
-0.27303530
-0.03504587
0.25451786
0.52220333
0.69435624
0.74927959
0.72676898
0.68989595
0.68162876
0.70859105
0.74965592
0.77768960
0.78459830
0.78938750
0.81627740
0.86647618
0.92257988
0.98207897
1.00000000
1.00000000
1.00000000
1.00000000
0.83431874
0.63357852
0.52289313
0.49957898
0.48203295
0.38902654
0.20969274
0.00107813
-0.16443432
-0.23892152
-0.20606989
-0.07995226
0.09619242
0.26832677
0.40015125
0.47830506
0.49756284
0.46236478
0.40048341
0.34651393
0.30636624
0.26276899
0.22173436
0.22886733
0.32531207
0.49620853
0.67092136
0.77443402
0.78303342
0.73791699
0.71046647
0.75228553
0.86742343
1.00000000
1.00000000
1.00000000
1.00000000
0.91318573
0.63990156
0.45141273
0.46741585
0.67732274
0.93932622
1.00000000
1.00000000
0.90676191
0.69347079
0.49306767
0.33900963
0.24700587
0.22030198
0.23775137
0.26188650
0.28305521
0.34036026
0.47318255
0.66684160
0.86359575
1.00000000
1.00000000
0.97479356
0.80654943
0.61050090
0.44167415
0.29711035
0.13357998
-0.07583867
-0.30998485
-0.51871620
-0.66810303
-0.76530699
-0.84123954
-0.91456334
-0.97570831
-1.00000000
-0.97001057
-0.89025748
-0.79093336
-0.71438766
-0.68810886
-0.70873916
-0.75230374
-0.79365433
-0.81597263
-0.81521342
-0.80227924
-0.79335219
-0.79476032
-0.80535848
-0.82932891
-0.86759074
-0.89669317
-0.87783449
-0.79598378
-0.68016901
-0.58169063
-0.53962690
-0.56858586
-0.66495451
-0.80717345
-0.95255995
-1.00000000
-1.00000000
-1.00000000
-1.00000000
-0.99522175
-0.98138487
-0.97787297
-0.97612137
-0.96733140
-0.93444114
-0.85304742
-0.70480465
-0.48985596
-0.23087982
0.03438001
0.27861983
0.51014764
0.75703889
1.00000000
1.00000000
1.00000000
1.00000000
1.00000000
1.00000000
1.00000000
1.00000000
1.00000000
1.00000000
1.00000000
1.00000000
1.00000000
1.00000000
1.00000000
1.00000000
1.00000000
1.00000000
1.00000000
1.00000000
1.00000000
1.00000000
0.99004986
0.96460085
1.00000000
1.00000000
1.00000000
1.00000000
1.00000000
1.00000000
1.00000000
1.00000000
0.95174455
0.85953385
0.84702856
0.90520136
0.98859874
1.00000000
1.00000000
1.00000000
1.00000000
1.00000000
0.83382999
0.62999990
0.47088440
0.35907983
0.26540541
0.17611362
0.10301511
0.06838129
0.10047776
0.22193029
0.41367095
0.59796137
0.67566980
0.57628797
0.27863134
-0.18364942
-0.72403631
-1.00000000
-1.00000000
-1.00000000
-1.00000000
-1.00000000
-1.00000000
-1.00000000
-1.00000000
-1.00000000
-1.00000000
-0.72326028
-0.33522639
-0.09721272
0.00935092
0.05466018
0.09480101
0.13821702
0.15047319
0.07935182
-0.11718868
-0.44967465
-0.88300962
-1.00000000
-1.00000000
-1.00000000
-1.00000000
-1.00000000
-1.00000000
-1.00000000
-1.00000000
-1.00000000
-1.00000000
-1.00000000
-1.00000000
-1.00000000
-1.00000000
-1.00000000
-1.00000000
-1.00000000
-1.00000000
-1.00000000
-1.00000000
-1.00000000
-1.00000000
-1.00000000
-1.00000000
-1.00000000
-1.00000000
-1.00000000
-1.00000000
-1.00000000
-1.00000000
-1.00000000
-1.00000000
-1.00000000
-1.00000000
-1.00000000
-1.00000000
-1.00000000
-1.00000000
-1.00000000
-1.00000000
-1.00000000
-1.00000000
-1.00000000
-1.00000000
-1.00000000
-1.00000000
-1.00000000
-1.00000000
-1.00000000
-1.00000000
-1.00000000
-1.00000000
-1.00000000
-1.00000000
-1.00000000
-1.00000000
-1.00000000
-1.00000000
-0.93471554
-0.76287307
-0.59161698
-0.45670089
-0.39608042
-0.43476135
-0.57047400
-0.76513471
-0.94879832
-1.00000000
-0.99356535
-0.81122428
-0.55497945
-0.30069934
-0.10997161
-0.01952520
-0.03490183
-0.13188271
-0.27862791
-0.46123226
-0.67877802
-0.91369019
-1.00000000
-1.00000000
-1.00000000
-1.00000000
-0.63141164
-0.08473425
0.48175505
0.93421063
1.00000000
1.00000000
1.00000000
1.00000000
1.00000000
1.00000000
0.93507235
0.77001512
0.59628240
0.46386344
0.42183633
0.45907133
0.49618217
0.45118891
0.30821171
0.11838932
-0.05149798
-0.15756424
-0.18125040
-0.12053054
0.00703203
0.15939010
0.28435598
0.34868807
0.35525185
0.33278127
0.30937348
0.29192532
0.26633056
0.21496788
0.13619648
0.05301854
0.00156903
0.00327181
0.04670445
0.10327346
0.16273222
0.24917265
0.39860854
0.61886597
0.87101122
1.00000000
1.00000000
1.00000000
1.00000000
