0.59081546
0.56469875
0.51076778
0.44462431
0.39762822
0.38155159
0.36721176
0.31637276
0.22669711
0.13117786
0.06128262
0.02431970
0.01072634
0.00933317
0.01366726
0.01995431
0.02458122
0.02453188
0.01955784
0.01237750
0.00630428
0.00301988
0.00250219
0.00409802
0.00694383
0.00977390
0.01134776
0.01279807
0.02050785
0.04830544
0.11442863
0.22853371
0.37352040
0.50174161
0.55818642
0.51567850
0.39388335
0.24631833
0.12465984
0.05060299
0.01661918
0.00492954
0.00201851
0.00154438
0.00145421
0.00147465
0.00166185
0.00209319
0.00266878
0.00309488
0.00306718
0.00255711
0.00187153
0.00137855
0.00122045
0.00130001
0.00145701
0.00160625
0.00175415
0.00196314
0.00234700
0.00309226
0.00468202
0.00839729
0.01691531
0.03365819
0.05919290
0.08656739
0.10251056
0.09733991
0.07394517
0.04491807
0.02172575
0.00823545
0.00260313
0.00206536
0.00565299
0.01387812
0.02636829
0.03974207
0.04991717
0.05861912
0.07787455
0.12452255
0.20560626
0.30567103
0.39123574
0.43336957
0.42999908
0.40902985
0.41234276
0.47257842
0.59506053
0.75082048
0.88587559
0.95125734
0.93628187
0.87144887
0.79899907
0.74660369
0.72574588
0.73816277
0.77522131
0.81604903
0.83642306
0.82176422
0.76925137
0.68407070
0.58308258
0.49688103
0.45500553
0.46243481
0.49125987
0.50047690
0.46947162
0.41169216
0.35147398
0.29410114
0.22934907
0.15627954
0.08981656
0.04510956
0.02638220
0.03143513
0.05807222
0.10080058
0.14308554
0.16134986
0.14345226
0.10059693
0.05619262
0.02587329
0.01089477
0.00527060
0.00352272
0.00289922
0.00245545
0.00202451
0.00164347
0.00138349
0.00125046
0.00120749
0.00121598
0.00124629
0.00126642
0.00124520
0.00118518
0.00124950
0.00190958
0.00497287
0.01566123
0.04452340
0.10320106
0.18935193
0.27261431
0.30746364
0.27245349
0.19171502
0.11009209
0.05465864
0.02554623
0.01208892
0.00666760
0.00642801
0.00977319
0.01409200
0.01612712
0.01432982
0.01004202
0.00648859
0.00734978
0.01755421
0.04467906
0.09716570
0.17766251
0.27423485
0.35655740
0.38678255
0.34569722
0.25254357
0.15375681
0.09088509
0.07966429
0.10933367
0.15041088
0.16940063
0.15076732
0.10843333
0.07235505
0.06711202
0.10225317
0.16952412
0.24001614
0.27576410
0.26159045
0.22651472
0.22512192
0.29342948
0.41854977
0.54949317
0.64290557
0.69580425
0.72786480
0.74504502
0.73818571
0.70496691
0.65081433
0.57337362
0.46452615
0.33033315
0.19795261
0.09698703
0.03811046
0.01209835
0.00366247
0.00197773
0.00217399
0.00258161
0.00276145
0.00260193
0.00226718
0.00200574
0.00195508
0.00205781
0.00213974
0.00207774
0.00193856
0.00245647
0.00594351
0.01712453
0.04141152
0.07862838
0.11687030
0.13815073
0.13772159
0.13899442
0.18464006
0.30512089
0.48467606
0.65621192
0.74436204
0.72459494
0.63462823
0.53228491
0.45849656
0.43410487
0.46064042
0.51306613
0.54793545
0.53073584
0.45866227
0.36110647
0.27991187
0.24634984
0.27212306
0.35179230
0.46793529
0.59901891
0.72699975
0.83841089
0.91897720
0.95031277
0.91662686
0.82399889
0.71365611
0.64245894
0.64315882
0.71171016
0.83130082
0.98853109
1.00000000
1.00000000
1.00000000
1.00000000
1.00000000
1.00000000
1.00000000
1.00000000
0.82985789
0.55525815
0.35227910
0.25572378
0.25106738
0.29933390
0.37531832
0.47607866
0.58948598
0.66919711
0.66262104
0.56389769
0.42024882
0.28458125
0.17918414
0.10323779
0.05250247
0.02440125
0.01605488
0.02641286
0.05795407
0.11098144
0.17582723
0.23506374
0.27479482
0.28851002
0.27158357
0.22374704
0.15843789
0.09965834
0.06609556
0.05996313
0.06824222
0.07294212
0.06389662
0.04463758
0.02710673
0.02438673
0.05195157
0.13200777
0.28474921
0.50267508
0.73200755
0.89128643
0.92293437
0.83427586
0.68767771
0.54698686
0.43492949
0.34212316
0.26061953
0.19562827
0.15885801
0.16576524
0.22827538
0.33250742
0.42661665
0.44938387
0.38075034
0.25811637
0.14002935
0.06120919
0.02223285
0.00760907
0.00344600
0.00261454
0.00259624
0.00269180
0.00267667
0.00251857
0.00230218
0.00214785
0.00212003
0.00218915
0.00224608
0.00216183
0.00187144
0.00146899
0.00126412
0.00254030
0.00913458
0.02961695
0.07617973
0.15604009
0.25858460
0.35323147
0.40841418
0.42129438
0.43209717
0.50068643
0.65355087
0.84876287
0.99928824
1.00000000
0.94039171
0.77097734
0.60204727
0.48403142
0.41879556
0.38413849
0.36414552
0.35328813
0.35214162
0.36865967
0.41134086
0.47966104
0.56809504
0.66722060
0.74919125
0.77108593
0.71444371
0.61131465
0.51520247
0.45542347
0.42926746
0.42227695
0.42067908
0.41315238
0.38924186
0.33811007
0.25736246
0.16401188
0.08545089
0.03767725
0.01758363
0.01272677
0.01228117
0.01097016
0.00821888
0.00542519
0.00353489
0.00250057
0.00192525
0.00176991
0.00312787
0.00949708
0.02807167
0.06804405
0.13268897
0.21254603
0.29265053
0.36981399
0.45406945
0.54702771
0.62492268
0.64909983
0.59565411
0.47824543
0.34239456
0.23509395
0.18054423
0.18107776
0.22778749
0.30467730
0.39507509
0.49318941
0.59774453
0.69323305
0.75504516
0.77646972
0.77197452
0.75350827
0.71962952
0.66465553
0.58352542
0.47304688
0.34382277
0.22838152
0.16444878
0.16529035
0.20592633
0.23904087
0.23004941
0.18284579
0.13229124
0.11334362
0.13470061
0.17416005
0.19743107
0.18858762
0.16508971
0.16089942
0.19627119
0.26498669
0.34851730
0.43884619
0.53925313
0.64214284
0.72196107
0.76163365
0.77368049
0.78273742
0.79605300
0.79928259
0.77236443
0.70536671
0.60944776
0.51707027
0.46054284
0.44463883
0.44729600
0.44939408
0.45745469
0.49136543
0.54741523
0.58140293
0.54213241
0.42340608
0.27164438
0.14258996
0.06150339
0.02214486
0.00706644
0.00251027
0.00140429
0.00121199
0.00135608
0.00174921
0.00231182
0.00292744
0.00357504
0.00427925
0.00491329
0.00517865
0.00488158
0.00411749
0.00311643
0.00207946
0.00121092
0.00069017
0.00051561
0.00050008
0.00047522
0.00044317
0.00052449
0.00084235
0.00147842
0.00243661
0.00359200
0.00473969
0.00572574
0.00645748
0.00691223
0.00730916
0.00801665
0.00903072
0.00994892
0.01088453
0.01286099
0.01660285
0.02122971
0.02506692
0.02776829
0.03216321
0.04530622
0.08059158
0.15583721
0.27967064
0.43224462
0.56623122
0.63787673
0.63833321
0.59477668
0.54974267
0.53822750
0.56821025
0.61387038
0.63557585
0.61522332
0.57172360
0.54331779
0.55636122
0.60759381
0.67507520
0.74369994
0.81128482
0.86349174
0.85692519
0.75152901
0.56285210
0.36180919
0.21566437
0.13946038
0.10452930
0.07890761
0.05164772
0.02783065
0.01304496
0.00667162
0.00465781
0.00393252
0.00384866
0.00521351
0.00859388
0.01349174
0.01934774
0.02818535
0.04612856
0.08194742
0.14258767
0.22743365
0.32270738
0.40027254
0.42738603
0.38669395
0.29192445
0.18157316
0.09258115
0.03908820
0.01414292
0.00464653
0.00148191
0.00062079
0.00060827
0.00094923
0.00138708
0.00179973
0.00206461
0.00207053
0.00183387
0.00158440
0.00213876
0.00570868
0.01743325
0.04642851
0.10388561
0.19746602
0.32353854
0.46185311
0.58021124
0.65142728
0.66812617
0.64296536
0.60524905
0.59657480
0.64696958
0.74638634
0.85567430
0.94332478
0.99247012
0.98245191
0.89600619
0.74660031
0.57971339
0.44560747
0.37406289
0.36405853
0.38916755
0.41888582
0.43970989
0.45342049
0.45586278
0.43004845
0.37340692
0.32014989
0.31323266
0.35563574
0.40891796
0.44052483
0.45427450
0.47038252
0.49410312
0.51522263
0.53267702
0.56945434
0.65223493
0.77345690
0.88553698
0.94205862
0.94077042
0.92166901
0.92454066
0.95018605
0.96237300
0.92470973
0.82897803
0.68939664
0.52533977
0.35820188
0.21259701
0.10725012
0.04516968
0.01564886
0.00438915
0.00096606
0.00013118
0.00000000
0.00014448
0.00080322
0.00334456
0.01188976
0.03493603
0.08215036
0.15215950
0.22063949
0.25026131
0.22431083
0.16903056
0.13926110
0.18591732
0.33079490
0.54874015
0.76547761
0.89289158
0.88550264
0.76294708
0.58172538
0.39954293
0.26260151
0.20059467
0.21570531
0.27974050
0.35466230
0.42231284
0.49074817
0.57298324
0.67294338
0.79013502
0.91909624
1.00000000
1.00000000
1.00000000
1.00000000
1.00000000
1.00000000
0.90879137
0.73340324
0.58231930
0.49358316
0.49754072
0.59884206
0.75969562
0.91597693
1.00000000
1.00000000
0.93514085
0.76036009
0.53862870
0.33174515
0.19072379
0.13112290
0.13404833
0.16082109
0.17246896
0.15173025
0.11309111
0.08978110
0.11188086
0.19311762
0.32751244
0.49360379
0.66428100
0.81013402
0.89454050
0.88385918
0.78446328
0.66611018
0.62353582
0.69607841
0.82989021
0.93017093
0.95013061
0.92471870
0.92454147
0.98638130
1.00000000
1.00000000
1.00000000
0.98123895
0.79309061
0.58547937
0.38872682
0.22875749
0.12840007
0.10066466
0.14545094
0.24450885
0.35356826
0.41279844
0.38514897
0.28662526
0.17016281
0.08097062
0.03162981
0.01125969
0.00499189
0.00360666
0.00334459
0.00314327
0.00281706
0.00242859
0.00209928
0.00192279
0.00194513
0.00215516
0.00247106
0.00276183
0.00292754
0.00295725
0.00289559
0.00279813
0.00273917
0.00279491
0.00295919
0.00310209
0.00306147
0.00279063
0.00241161
0.00212555
0.00207187
0.00225274
0.00255287
0.00281090
0.00290189
0.00279852
0.00257251
0.00234512
0.00222725
0.00227466
0.00246085
0.00267591
0.00277353
0.00267817
0.00246443
0.00228572
0.00219980
0.00210973
0.00190489
0.00161479
0.00143981
0.00172722
0.00298858
0.00575655
0.00999257
0.01442557
0.01694114
0.01621131
0.01280402
0.00843469
0.00451674
0.00163420
0.00000000
0.00000000
0.00000000
0.00000000
0.00000000
0.00000000
0.00026877
0.00071012
0.00097458
0.00103892
0.00100240
0.00093344
0.00075594
0.00038812
0.00000000
0.00000000
0.00000000
0.00000000
0.00065001
0.00397255
0.01462986
0.04349979
0.10451571
0.20064306
0.30805663
0.38491241
0.41090127
0.41242421
0.43282963
0.48218192
0.53572702
0.58046176
0.64029717
0.74445983
0.88194807
0.99767287
1.00000000
0.96755330
0.83982326
0.71987682
0.66994737
0.70484270
0.78461029
0.85161655
0.87569926
0.85630837
0.79466517
0.68694241
0.54143197
0.38366375
0.24197930
0.13431495
0.06519770
0.02858637
0.01326971
0.00953628
0.01471248
0.03543365
0.08254914
0.15669146
0.23512132
0.28166599
0.27898573
0.24762566
0.22637068
0.23536764
0.25859582
0.25981699
0.21777007
0.14587718
0.07600344
0.02925275
0.00638556
0.00000000
0.00000000
0.00000000
0.00000000
0.00013112
0.00041225
0.00000000
0.00000000
0.00000000
0.00000000
0.00000000
0.00000000
0.00000000
0.00000000
0.00000000
0.00000000
0.00000000
0.00000000
0.00000000
0.00000000
0.00000000
0.00000000
0.00000000
0.00000000
0.00000000
0.00000000
0.00000000
0.00000000
0.00000000
0.00000000
0.00000000
0.00000000
0.00000000
0.00000000
0.00000000
0.00000000
0.00000000
0.00000000
0.00000000
0.00000000
0.00000000
0.00000000
0.00000000
0.00000000
0.00000000
0.00000000
0.00000000
0.00121308
0.00815999
0.01497761
0.01802437
0.01572253
0.01086232
0.01043941
0.02553603
0.07213697
0.16605115
0.30703036
0.46658041
0.60051559
0.67593704
0.67945431
0.60915742
0.48210473
0.34762924
0.27078150
0.29568257
0.42578670
0.62396765
0.82078201
0.94378725
0.96810831
0.93601090
0.90670615
0.88781963
0.83203068
0.70026218
0.51152801
0.32653313
0.19783296
0.14637008
0.17062229
0.25329161
0.35872460
0.44611924
0.49533930
0.50815069
0.48506685
0.42450820
0.34800557
0.30111982
0.31626746
0.38208514
0.45195084
0.47952857
0.45428506
0.41080653
0.39948078
0.44339964
0.52168010
0.58599985
0.58849767
0.50817932
0.36687785
0.21686288
0.10371736
0.04112763
0.01795727
0.01941291
0.03994030
0.08276757
0.15062471
0.23543801
0.31968773
0.39241710
0.46209467
0.54887712
0.66090414
0.77541685
0.84455162
0.82846195
0.73005360
0.59472956
0.47017119
0.37055587
0.28736337
0.22268617
0.19317653
0.20507546
0.24160260
0.27774032
0.29800286
