0.49043603
0.48403792
0.46142369
0.42777604
0.40576332
0.40078455
0.38203135
0.31782578
0.21689247
0.11835073
0.05140160
0.01803696
0.00558303
0.00220194
0.00178954
0.00205938
0.00232535
0.00234643
0.00211876
0.00172272
0.00128199
0.00094026
0.00083486
0.00105252
0.00155622
0.00221161
0.00299887
0.00518284
0.01323565
0.03745107
0.09308672
0.19106993
0.32232559
0.44991707
0.52215423
0.50300343
0.39905204
0.25788349
0.13431246
0.05588743
0.01843989
0.00477001
0.00093137
0.00015838
0.00011177
0.00025716
0.00042640
0.00057036
0.00065782
0.00070864
0.00080411
0.00101941
0.00132022
0.00154555
0.00153482
0.00128173
0.00094561
0.00071923
0.00070191
0.00088896
0.00126752
0.00193768
0.00314106
0.00523345
0.00881826
0.01499151
0.02471739
0.03675194
0.04631322
0.04775924
0.03974537
0.02673720
0.01485717
0.00725820
0.00370042
0.00300536
0.00492779
0.01002628
0.01808639
0.02686438
0.03410590
0.04271589
0.06386500
0.11072275
0.18325546
0.25788682
0.29986893
0.29324296
0.25777952
0.23509501
0.26362150
0.36474012
0.53625054
0.74367537
0.92286083
1.00000000
0.99315590
0.90721150
0.82519518
0.80192428
0.83957541
0.89309121
0.91855964
0.91004306
0.88449754
0.84710379
0.78491474
0.68774944
0.56746949
0.45667156
0.38769632
0.36821243
0.37397417
0.36759700
0.32847387
0.26619679
0.20426527
0.15451482
0.11314187
0.07518819
0.04304644
0.02147229
0.01187065
0.01339522
0.02529978
0.04509107
0.06489365
0.07359254
0.06561391
0.04623013
0.02610645
0.01217753
0.00494962
0.00188807
0.00077114
0.00049223
0.00059507
0.00087423
0.00118323
0.00139249
0.00139226
0.00118059
0.00089439
0.00072229
0.00079024
0.00110812
0.00157878
0.00216393
0.00313475
0.00587216
0.01422762
0.03588521
0.07956715
0.14402183
0.20691502
0.23352375
0.20639843
0.14303367
0.07824624
0.03445889
0.01291501
0.00481486
0.00245296
0.00202367
0.00212145
0.00233077
0.00256529
0.00294361
0.00357940
0.00478906
0.00784755
0.01651967
0.03770916
0.07887571
0.14109759
0.21133214
0.26234696
0.26729004
0.22138393
0.14871189
0.08420537
0.05078608
0.05262925
0.07968960
0.11178415
0.12623436
0.11270043
0.08190998
0.05655574
0.05626248
0.09001687
0.15184654
0.21631375
0.24914594
0.23784025
0.21245730
0.22703880
0.31453617
0.45603059
0.59616208
0.69570616
0.76176984
0.81633981
0.85236955
0.84542699
0.79535880
0.72612279
0.64734091
0.54250285
0.40234385
0.25109445
0.12795623
0.05270299
0.01791170
0.00561735
0.00222149
0.00144966
0.00124262
0.00115821
0.00104448
0.00088503
0.00069286
0.00051407
0.00043417
0.00052824
0.00080654
0.00127352
0.00258279
0.00718663
0.02027402
0.04778113
0.08929457
0.13114245
0.15280193
0.14798374
0.13941265
0.16682385
0.25428400
0.38246231
0.49286230
0.52948168
0.48311102
0.39308746
0.31243308
0.27879499
0.30631427
0.38121563
0.46155733
0.49688384
0.46019874
0.36528741
0.25512039
0.17311639
0.14263484
0.16777562
0.24270651
0.35535901
0.48779075
0.61853690
0.72804474
0.80320806
0.83737306
0.82533966
0.76682583
0.68212298
0.61194528
0.58816422
0.61620731
0.69574162
0.83635559
1.00000000
1.00000000
1.00000000
1.00000000
1.00000000
1.00000000
1.00000000
0.98163263
0.72203672
0.48339240
0.31448196
0.23719623
0.23719534
0.28652921
0.37576552
0.51252844
0.67868720
0.80360464
0.80910058
0.68469689
0.49634543
0.32010442
0.18947326
0.10255635
0.04924307
0.02142416
0.01241483
0.01840557
0.03981389
0.07761500
0.12825663
0.18347875
0.23342608
0.26560453
0.26481075
0.22491327
0.16062921
0.09949341
0.06163488
0.04937468
0.05146282
0.05347720
0.04729801
0.03461100
0.02337684
0.02360530
0.04883208
0.11846672
0.24886337
0.43124811
0.61763020
0.73934549
0.75120125
0.66269039
0.52682184
0.39690017
0.29337367
0.21020178
0.14109700
0.08949381
0.06136106
0.06084471
0.08994995
0.14186947
0.19337322
0.21357939
0.18799589
0.13136817
0.07297182
0.03249019
0.01200526
0.00428615
0.00221644
0.00187409
0.00170568
0.00133141
0.00083289
0.00042982
0.00026684
0.00036910
0.00067792
0.00109487
0.00152152
0.00188350
0.00211907
0.00222258
0.00238632
0.00375630
0.00979454
0.02802832
0.06891426
0.13796804
0.22421523
0.29871962
0.33186698
0.31792154
0.28515658
0.28083008
0.34015725
0.46038349
0.59658075
0.68310460
0.67517568
0.58418263
0.46718480
0.37552209
0.32180293
0.29640139
0.29326730
0.31048835
0.34286448
0.38468655
0.43173727
0.48248891
0.54475878
0.62660767
0.70639842
0.73398942
0.68438097
0.59091696
0.50480466
0.44274290
0.39404129
0.35789650
0.34843247
0.36919912
0.39500192
0.38427826
0.31565467
0.21067758
0.11287242
0.04966898
0.02023503
0.01029207
0.00758153
0.00621954
0.00472327
0.00336101
0.00245642
0.00203234
0.00192269
0.00205741
0.00292527
0.00635713
0.01627310
0.03809577
0.07519309
0.12623873
0.18869938
0.26456199
0.35564444
0.44988882
0.51772899
0.52841212
0.47438795
0.38148341
0.29265202
0.23964517
0.23229933
0.26918029
0.34235534
0.42874353
0.49608770
0.53061612
0.54622247
0.56275756
0.58891551
0.62482817
0.66128187
0.67705643
0.65365118
0.59150239
0.50258788
0.39578508
0.28117076
0.18004599
0.11639286
0.09730237
0.10592655
0.11459872
0.10600753
0.08503825
0.07215721
0.08655096
0.13072087
0.18522463
0.22041561
0.22036047
0.19479511
0.16627878
0.15174470
0.15828953
0.18954898
0.25024804
0.34092029
0.44951692
0.55784065
0.66241104
0.77696698
0.90420712
1.00000000
1.00000000
1.00000000
0.95279841
0.82335315
0.70523712
0.63276598
0.60152734
0.57954778
0.54735379
0.51795826
0.51447908
0.53151635
0.52697746
0.46032376
0.33620395
0.20044709
0.09696717
0.03838217
0.01282804
0.00385455
0.00112950
0.00030479
0.00005504
0.00000000
0.00001659
0.00008865
0.00025403
0.00055523
0.00097538
0.00141528
0.00172709
0.00180611
0.00168764
0.00153584
0.00151254
0.00167375
0.00197895
0.00233427
0.00260656
0.00266316
0.00246784
0.00214409
0.00192492
0.00203407
0.00258170
0.00351792
0.00464462
0.00566176
0.00622795
0.00608379
0.00525634
0.00414693
0.00343795
0.00403866
0.00721567
0.01420059
0.02461262
0.03502741
0.04066364
0.03984703
0.03691433
0.04073609
0.06332903
0.11875004
0.21588660
0.34496617
0.47427774
0.56663839
0.60048905
0.57762119
0.52044717
0.46406490
0.43845313
0.44763769
0.47005680
0.48714992
0.50832609
0.56207868
0.66052653
0.77444076
0.84979037
0.85559788
0.81338939
0.76718097
0.72354584
0.64247195
0.49715842
0.31845330
0.16526533
0.07004203
0.02576998
0.00987834
0.00510277
0.00373267
0.00344018
0.00369724
0.00417187
0.00471568
0.00559046
0.00746618
0.01068004
0.01464714
0.01878052
0.02516780
0.04011851
0.07271014
0.13078755
0.21598724
0.31740159
0.40703374
0.44700623
0.41281269
0.31565068
0.19784573
0.10174139
0.04392597
0.01694699
0.00648160
0.00273040
0.00146568
0.00117394
0.00126844
0.00140824
0.00147515
0.00147941
0.00148965
0.00157072
0.00177359
0.00219723
0.00314404
0.00572679
0.01366377
0.03582281
0.08655852
0.17810741
0.30563159
0.44093596
0.54900797
0.61212222
0.63622572
0.64540058
0.67564922
0.75284586
0.86355057
0.96339444
1.00000000
1.00000000
0.93317496
0.80164257
0.64569305
0.50642973
0.41043910
0.36457378
0.36005683
0.37763471
0.39919618
0.41893587
0.43837518
0.44861702
0.42823685
0.37228206
0.31429638
0.29853069
0.33239073
0.38307641
0.41750530
0.42732780
0.41705375
0.39075661
0.35809131
0.34205845
0.37456466
0.47900142
0.64566083
0.82051619
0.93145052
0.94372709
0.89339423
0.85389354
0.86395360
0.89551817
0.89138007
0.81697596
0.67425284
0.49060224
0.30720064
0.16212505
0.07135825
0.02635440
0.00849229
0.00273945
0.00127298
0.00111138
0.00135236
0.00166972
0.00212406
0.00379356
0.01009917
0.02798702
0.06527265
0.12091376
0.17554154
0.19932491
0.17832628
0.13188829
0.10155265
0.12768010
0.23324267
0.40870233
0.59901378
0.72058319
0.71538154
0.59369169
0.41899031
0.25739779
0.14537448
0.09028087
0.08294209
0.10780207
0.15100875
0.20559053
0.26911632
0.33833627
0.41362490
0.50829120
0.64302963
0.82562792
1.00000000
1.00000000
1.00000000
1.00000000
1.00000000
1.00000000
0.88236080
0.64101052
0.46230018
0.37608371
0.38441355
0.45860843
0.55412729
0.63087804
0.65737747
0.61047395
0.49095065
0.33536662
0.19533848
0.10294934
0.05940980
0.04854267
0.05147462
0.05348347
0.04839267
0.04118702
0.04531952
0.07657951
0.14676611
0.25939486
0.40948525
0.58387834
0.75337741
0.86674747
0.87371533
0.77495885
0.64536631
0.58845764
0.65431517
0.80276702
0.94722290
1.00000000
1.00000000
1.00000000
1.00000000
1.00000000
1.00000000
0.95557264
0.84214015
0.68882476
0.52326625
0.36252392
0.22264051
0.12478011
0.08576051
0.11091438
0.19025367
0.29066052
0.35895676
0.35287125
0.27550935
0.17091971
0.08465290
0.03416702
0.01216155
0.00481523
0.00288093
0.00253638
0.00268266
0.00296072
0.00313210
0.00306501
0.00274945
0.00230454
0.00191328
0.00169130
0.00160612
0.00155074
0.00147173
0.00138500
0.00129535
0.00116452
0.00096640
0.00073293
0.00052375
0.00037296
0.00028448
0.00027086
0.00037041
0.00060046
0.00088818
0.00108713
0.00110230
0.00097762
0.00082771
0.00072052
0.00067089
0.00070432
0.00084750
0.00104849
0.00117324
0.00114094
0.00104945
0.00113630
0.00159840
0.00240863
0.00327124
0.00381529
0.00390437
0.00380927
0.00417369
0.00595485
0.01019013
0.01714228
0.02540472
0.03242824
0.03627748
0.03633870
0.03258847
0.02559926
0.01728031
0.01017869
0.00572180
0.00368260
0.00308999
0.00314527
0.00345555
0.00387275
0.00426146
0.00441116
0.00419105
0.00370974
0.00324554
0.00300569
0.00298520
0.00304192
0.00306243
0.00304512
0.00310399
0.00347081
0.00498307
0.01026219
0.02501082
0.05659243
0.10672527
0.16380998
0.20898663
0.23884166
0.27721383
0.34979546
0.44547409
0.52169502
0.55929718
0.59626985
0.68757124
0.83418314
0.96385963
0.98662649
0.87319865
0.68454160
0.52559017
0.46629260
0.49871034
0.56166071
0.60392292
0.62033712
0.62502177
0.60846849
0.54338407
0.42543968
0.28610770
0.16502080
0.08240430
0.03665527
0.01620006
0.00939950
0.00912206
0.01503424
0.03453022
0.07802418
0.14557562
0.21465413
0.24994833
0.23507825
0.19156215
0.15926575
0.15961318
0.17918561
0.18575064
0.15940961
0.10869342
0.05757257
0.02259652
0.00501310
0.00000000
0.00000000
0.00000000
0.00000000
0.00000000
0.00000000
0.00000000
0.00000000
0.00000000
0.00000000
0.00000000
0.00000000
0.00000000
0.00000000
0.00000000
0.00000000
0.00000000
0.00000000
0.00000000
0.00000000
0.00000000
0.00000000
0.00000000
0.00000000
0.00000000
0.00000000
0.00000000
0.00000000
0.00000000
0.00000000
0.00000000
0.00000000
0.00000000
0.00000000
0.00000000
0.00000000
0.00000000
0.00000000
0.00000000
0.00000000
0.00000000
0.00000000
0.00000000
0.00000000
0.00000000
0.00000000
0.00000000
0.00000000
0.00000000
0.00000000
0.00000000
0.00000000
0.00000000
0.00137822
0.01076123
0.03618210
0.08794458
0.16910962
0.26764948
0.36174058
0.43265129
0.46629413
0.44875391
0.37976065
0.29258446
0.24603623
0.29051634
0.43890320
0.65472084
0.86082092
0.98001149
0.99051334
0.93836588
0.88228401
0.83165298
0.74993517
0.61109663
0.43612208
0.27505710
0.16848310
0.13312122
0.17014487
0.26516211
0.37872796
0.45760221
0.46953205
0.42061565
0.33732119
0.24709259
0.17739436
0.15458177
0.19072227
0.27007235
0.34985163
0.38377355
0.36021874
0.31821293
0.31425305
0.37132201
0.46266128
0.53601993
0.54573683
0.47487668
0.34552844
0.20675667
0.10178267
0.04498504
0.02760092
0.03639153
0.06512521
0.11500718
0.18756879
0.27457380
0.35705970
0.42048988
0.47077191
0.53030738
0.61420723
0.70739737
0.76594673
0.74743433
0.64629668
0.50028920
0.35964852
0.25117388
0.17464246
0.12392636
0.09827077
0.09539503
0.10570157
0.11757870
0.12434463
