0.73230418
0.67405080
0.59753337
0.53974332
0.50376206
0.47225446
0.43704636
0.40578190
0.38603944
0.37212326
0.34854366
0.30433814
0.24409962
0.18598597
0.14843086
0.13709477
0.14460884
0.16487606
0.20357841
0.26517478
0.33010760
0.35982597
0.33556674
0.28389998
0.25311296
0.26937934
0.32512985
0.40115641
0.48015094
0.53748668
0.54324601
0.49055696
0.41151462
0.35156513
0.32935536
0.32570652
0.30974313
0.27166632
0.22707088
0.19262741
0.16736018
0.14041213
0.10799734
0.07578410
0.05036877
0.03548089
0.03335296
0.04459368
0.06693296
0.09650169
0.13015358
0.16524155
0.19697534
0.21654811
0.21395670
0.18641543
0.14436569
0.10541568
0.08166983
0.07572437
0.08732975
0.11829529
0.17034906
0.24258215
0.33073176
0.42553472
0.51246370
0.57786869
0.61782593
0.64163230
0.66539818
0.69733766
0.72604688
0.72889795
0.69732090
0.64939407
0.61567466
0.61777905
0.65760465
0.71530191
0.75869761
0.76726955
0.75070953
0.73943991
0.75776909
0.80726624
0.87157398
0.93235425
0.97693862
0.99218466
0.96213757
0.88113826
0.76630096
0.65127228
0.56693298
0.52526087
0.51546488
0.51459858
0.50957005
0.51444521
0.55880416
0.64748793
0.73706752
0.76760991
0.72071067
0.63515647
0.56371297
0.52705120
0.51377416
0.51086126
0.52046742
0.54741551
0.58023966
0.59391928
0.57406496
0.53505737
0.51010982
0.52263723
0.56853105
0.62602171
0.67991495
0.73181342
0.78839226
0.84808716
0.90366526
0.95440394
1.00000000
1.00000000
1.00000000
1.00000000
0.85998135
0.65970645
0.46238589
0.31175285
0.22312349
0.18669518
0.17939375
0.17781629
0.17034657
0.16162495
0.16328565
0.17974450
0.20200199
0.21299646
0.20117653
0.17425076
0.16087140
0.19418706
0.28740221
0.42206395
0.56074187
0.67060382
0.73431229
0.74544359
0.70656012
0.63714557
0.57228533
0.53897401
0.53189500
0.52088553
0.48657476
0.44453514
0.43475097
0.49135514
0.61362217
0.75235535
0.83466429
0.82415639
0.75797914
0.71537216
0.75260666
0.86696221
1.00000000
1.00000000
1.00000000
1.00000000
0.87617451
0.70956134
0.57448979
0.49256143
0.46570026
0.48610763
0.53710170
0.59279599
0.63022569
0.64436108
0.64824134
0.66043461
0.69200573
0.73755910
0.77747808
0.79741687
0.80553243
0.82345478
0.86288500
0.91690649
0.96905198
1.00000000
1.00000000
1.00000000
0.99407430
0.94047474
0.86889333
0.79768440
0.73544324
0.67968928
0.63258151
0.60133563
0.58175395
0.55637936
0.51179054
0.44927510
0.37816754
0.30573579
0.23547056
0.17168639
0.12254570
0.09717798
0.09941962
0.12398309
0.15748220
0.18327659
0.18958260
0.17839316
0.16757543
0.18052172
0.22877548
0.30221033
0.37703606
0.43522036
0.47497072
0.50128268
0.51311072
0.50974802
0.50787304
0.53543672
0.59759589
0.65941151
0.67943445
0.65602966
0.62576399
0.62117040
0.64532552
0.68328664
0.72025476
0.74402317
0.74423026
0.72075214
0.68490516
0.64271733
0.58800538
0.52636930
0.49452368
0.53188431
0.63081356
0.73166459
0.77584016
0.75712269
0.71845681
0.70754240
0.73817592
0.78551084
0.81486104
0.81344461
0.79025983
0.75138742
0.68999030
0.60399732
0.51250286
0.44588898
0.42094513
0.42990517
0.45557420
0.49574969
0.56645502
0.67899933
0.82079178
0.96151062
1.00000000
1.00000000
1.00000000
0.98748183
0.87511744
0.80005640
0.78636289
0.81727204
0.85409611
0.86355854
0.83447709
0.77800041
0.71524992
0.66488183
0.63922832
0.64391331
0.67289831
0.70493658
0.71344621
0.68642703
0.63596405
0.58780684
0.56287172
0.56539403
0.58248082
0.59426471
0.58808696
0.56497408
0.53472267
0.50854240
0.49500390
0.49741739
0.51236416
0.53161417
0.54762436
0.55945970
0.57470256
0.60410988
0.65116104
0.70478689
0.74421012
0.75489709
0.74284638
0.73312271
0.75098513
0.79999283
0.85967619
0.90843986
0.94249082
0.96545740
0.97246008
0.96057688
0.94532437
0.94732565
0.96565702
0.97575996
0.95004282
0.87604374
0.76392794
0.64235585
0.54137020
0.47484900
0.43683336
0.40828514
0.36812214
0.30825020
0.24225135
0.19436258
0.17866797
0.19199669
0.22394684
0.26641984
0.31151836
0.34738239
0.36322810
0.35722575
0.33669342
0.31368004
0.30216140
0.31600143
0.36444606
0.44594583
0.54549084
0.64148976
0.71920054
0.77616751
0.81449551
0.83401564
0.83585201
0.82794918
0.82176451
0.82620946
0.85083578
0.90895271
1.00000000
1.00000000
1.00000000
1.00000000
1.00000000
1.00000000
1.00000000
1.00000000
0.97117903
0.89368416
0.81097050
0.73614128
0.69347232
0.69876541
0.74794599
0.82608222
0.92166192
1.00000000
1.00000000
1.00000000
1.00000000
1.00000000
1.00000000
1.00000000
1.00000000
1.00000000
1.00000000
0.96724557
0.89534396
0.85740319
0.85939609
0.87656319
0.86819100
0.80554284
0.68861917
0.54435500
0.41177912
0.32379728
0.29598210
0.32588904
0.39509283
0.47185330
0.52255611
0.53089368
0.50850403
0.48487896
0.48499324
0.51441544
0.56546642
0.63392905
0.72183909
0.82154058
0.90945058
0.96650084
0.99798951
1.00000000
1.00000000
1.00000000
1.00000000
0.98683857
0.96811775
0.99328862
1.00000000
1.00000000
1.00000000
0.96986111
0.84616028
0.76181469
0.74654231
0.78428238
0.84838990
0.92808763
1.00000000
1.00000000
1.00000000
1.00000000
0.94539845
0.89092686
0.89453093
0.93799140
0.98020224
0.99619893
0.99011338
0.97753433
0.96738488
0.95917809
0.94806486
0.93319176
0.92614323
0.94623972
0.99874946
1.00000000
1.00000000
1.00000000
0.92445489
0.77864545
0.64888878
0.57831132
0.57752409
0.61371630
0.63981549
0.64272079
0.65132038
0.69549352
0.77667166
0.88135027
0.99772112
1.00000000
1.00000000
1.00000000
1.00000000
0.94088918
0.77668047
0.65180303
0.59465179
0.58895597
0.58570038
0.53780062
0.43459681
0.30760650
0.20089708
0.13794719
0.11579764
0.11962493
0.13481854
0.15066369
0.16175288
0.16970570
0.18276330
0.21339127
0.27582612
0.38243470
0.53629700
0.72455179
0.92120529
1.00000000
1.00000000
1.00000000
1.00000000
1.00000000
1.00000000
1.00000000
1.00000000
1.00000000
1.00000000
1.00000000
1.00000000
1.00000000
1.00000000
1.00000000
1.00000000
1.00000000
1.00000000
1.00000000
1.00000000
1.00000000
1.00000000
1.00000000
1.00000000
1.00000000
1.00000000
1.00000000
1.00000000
1.00000000
1.00000000
0.99906495
0.91087693
0.90668376
0.97344559
1.00000000
1.00000000
1.00000000
1.00000000
1.00000000
1.00000000
1.00000000
1.00000000
1.00000000
1.00000000
1.00000000
1.00000000
1.00000000
0.97401032
0.94803416
0.95061276
0.97825596
1.00000000
1.00000000
0.96113667
0.87139869
0.77454373
0.70024777
0.66587449
0.67883215
0.73834573
0.83245073
0.93755091
1.00000000
1.00000000
1.00000000
1.00000000
1.00000000
1.00000000
1.00000000
1.00000000
1.00000000
1.00000000
1.00000000
1.00000000
1.00000000
1.00000000
1.00000000
1.00000000
0.93078664
0.83507178
0.73102178
0.62002391
0.52114266
0.45126264
0.41213887
0.39957626
0.41631338
0.46491226
0.52810121
0.57111425
0.57380922
0.55195958
0.53657083
0.53800085
0.54064460
0.53241406
0.52777475
0.55201524
0.60857806
0.67702269
0.73972005
0.79220380
0.82605591
0.82409089
0.78412090
0.73248431
0.70041237
0.69397658
0.69707258
0.69922071
0.70838408
0.73394377
0.76734041
0.78926421
0.79419640
0.80086157
0.83454891
0.89964492
0.97214837
1.00000000
1.00000000
1.00000000
1.00000000
1.00000000
1.00000000
1.00000000
1.00000000
1.00000000
1.00000000
1.00000000
1.00000000
1.00000000
1.00000000
1.00000000
1.00000000
1.00000000
1.00000000
1.00000000
0.99149826
0.86562271
0.75660308
0.68209788
0.64044591
0.62206476
0.62409742
0.65021424
0.69633842
0.74356800
0.77017532
0.76655290
0.73474935
0.67944751
0.60637480
0.52565649
0.44830091
0.37953482
0.32056463
0.27470233
0.24622024
0.23668188
0.24772321
0.28644178
0.36348235
0.48247706
0.62725893
0.76110167
0.84717812
0.87463979
0.86338449
0.84494798
0.84081438
0.85429552
0.87482796
0.88884480
0.89229915
0.89469375
0.90813870
0.93323809
0.96128994
0.99103949
1.00000000
1.00000000
1.00000000
1.00000000
0.91715937
0.81678926
0.76144656
0.74978949
0.74101648
0.69451327
0.60484637
0.50053906
0.41778284
0.38053924
0.39696505
0.46002387
0.54809621
0.63416339
0.70007563
0.73915253
0.74878142
0.73118239
0.70024171
0.67325697
0.65318312
0.63138450
0.61086718
0.61443366
0.66265604
0.74810426
0.83546068
0.88721701
0.89151671
0.86895849
0.85523324
0.87614276
0.93371171
1.00000000
1.00000000
1.00000000
1.00000000
0.95659286
0.81995078
0.72570636
0.73370792
0.83866137
0.96966311
1.00000000
1.00000000
0.95338095
0.84673540
0.74653383
0.66950482
0.62350294
0.61015099
0.61887568
0.63094325
0.64152761
0.67018013
0.73659128
0.83342080
0.93179788
1.00000000
1.00000000
0.98739678
0.90327471
0.80525045
0.72083707
0.64855517
0.56678999
0.46208066
0.34500757
0.24064190
0.16594849
0.11734651
0.07938023
0.04271833
0.01214584
0.00000000
0.01499472
0.05487126
0.10453332
0.14280617
0.15594557
0.14563042
0.12384813
0.10317284
0.09201369
0.09239329
0.09886038
0.10332391
0.10261984
0.09732076
0.08533554
0.06620463
0.05165341
0.06108275
0.10200811
0.15991550
0.20915469
0.23018655
0.21570707
0.16752274
0.09641327
0.02372002
0.00000000
0.00000000
0.00000000
0.00000000
0.00238912
0.00930757
0.01106351
0.01193932
0.01633430
0.03277943
0.07347629
0.14759768
0.25507202
0.38456009
0.51719000
0.63930991
0.75507382
0.87851945
1.00000000
1.00000000
1.00000000
1.00000000
1.00000000
1.00000000
1.00000000
1.00000000
1.00000000
1.00000000
1.00000000
1.00000000
1.00000000
1.00000000
1.00000000
1.00000000
1.00000000
1.00000000
1.00000000
1.00000000
1.00000000
1.00000000
0.99502493
0.98230043
1.00000000
1.00000000
1.00000000
1.00000000
1.00000000
1.00000000
1.00000000
1.00000000
0.97587228
0.92976693
0.92351428
0.95260068
0.99429937
1.00000000
1.00000000
1.00000000
1.00000000
1.00000000
0.91691499
0.81499995
0.73544220
0.67953992
0.63270270
0.58805681
0.55150756
0.53419065
0.55023888
0.61096514
0.70683547
0.79898069
0.83783490
0.78814398
0.63931567
0.40817529
0.13798184
0.00000000
0.00000000
0.00000000
0.00000000
0.00000000
0.00000000
0.00000000
0.00000000
0.00000000
0.00000000
0.13836986
0.33238681
0.45139364
0.50467546
0.52733009
0.54740051
0.56910851
0.57523660
0.53967591
0.44140566
0.27516268
0.05849519
0.00000000
0.00000000
0.00000000
0.00000000
0.00000000
0.00000000
0.00000000
0.00000000
0.00000000
0.00000000
0.00000000
0.00000000
0.00000000
0.00000000
0.00000000
0.00000000
0.00000000
0.00000000
0.00000000
0.00000000
0.00000000
0.00000000
0.00000000
0.00000000
0.00000000
0.00000000
0.00000000
0.00000000
0.00000000
0.00000000
0.00000000
0.00000000
0.00000000
0.00000000
0.00000000
0.00000000
0.00000000
0.00000000
0.00000000
0.00000000
0.00000000
0.00000000
0.00000000
0.00000000
0.00000000
0.00000000
0.00000000
0.00000000
0.00000000
0.00000000
0.00000000
0.00000000
0.00000000
0.00000000
0.00000000
0.00000000
0.00000000
0.00000000
0.03264223
0.11856346
0.20419151
0.27164956
0.30195979
0.28261933
0.21476300
0.11743264
0.02560084
0.00000000
0.00321733
0.09438786
0.22251028
0.34965033
0.44501419
0.49023740
0.48254909
0.43405864
0.36068604
0.26938387
0.16061099
0.04315491
0.00000000
0.00000000
0.00000000
0.00000000
0.18429418
0.45763287
0.74087753
0.96710532
1.00000000
1.00000000
1.00000000
1.00000000
1.00000000
1.00000000
0.96753617
0.88500756
0.79814120
0.73193172
0.71091817
0.72953566
0.74809109
0.72559446
0.65410586
0.55919466
0.47425101
0.42121788
0.40937480
0.43973473
0.50351601
0.57969505
0.64217799
0.67434403
0.67762592
0.66639063
0.65468674
0.64596266
0.63316528
0.60748394
0.56809824
0.52650927
0.50078452
0.50163591
0.52335223
0.55163673
0.58136611
0.62458633
0.69930427
0.80943299
0.93550561
1.00000000
1.00000000
1.00000000
1.00000000
