-0.18287701
-0.43071539
-0.70961621
-0.44123019
-0.05008528
-0.43735777
-0.34881804
-0.11952746
0.03228006
0.07803357
0.08116344
0.07269027
0.06173559
-0.15711974
-0.62610368
-0.89799733
-0.89008430
-0.47104271
0.07286891
0.51346319
0.63976840
0.60006814
0.38917443
0.09766440
-0.72887543
-0.69644132
-0.08002704
0.08862783
0.10314447
0.06436752
-0.42764520
-0.27359461
-0.58870454
-0.68089634
-0.90020820
-0.48625324
-0.91474440
-0.89839556
-0.83385241
-0.60316735
0.14305283
0.01063450
-0.43884800
0.08064895
0.12215322
0.11761048
-0.28071428
-0.30414408
0.27394728
0.32504879
0.49398856
0.51195532
0.62428649
0.66735173
0.68993004
0.65427620
0.44624662
0.48058525
0.08446213
-0.71963526
-0.59664416
-0.40287947
-0.66862938
-0.70084025
0.02193631
0.11118558
-0.19008070
-0.33520209
0.08548838
0.15701041
0.15933018
0.10473954
-0.38161220
-0.21436886
0.22952785
0.31604026
0.28798951
0.43314551
0.14496012
-0.38099452
-0.66521053
-0.44807159
0.11147971
-0.06863195
-0.27091636
0.16064706
0.44780814
0.43922868
0.46884316
0.23787930
0.19176584
0.27332389
0.34305838
0.45000182
0.52217085
0.42089364
0.09234245
-0.19633986
-0.06916086
0.17691404
0.17015999
-0.54447430
-0.73847203
-0.65141420
-0.53089971
-0.56734317
-0.40033994
-0.13590285
0.29647516
0.29284023
0.36477747
0.22110384
-0.48505194
-0.72393955
-0.64910773
-0.52927485
-0.13489315
-0.40750956
-0.05420789
0.13540420
-0.05237878
-0.19924145
0.35492053
0.49899331
0.37962956
0.34329968
0.02085626
0.13897770
0.26386889
0.37867561
0.33629557
-0.04846708
-0.28624231
0.12174718
0.12065122
-0.40799992
-0.31260531
-0.41399793
-0.22356914
0.22958343
0.44394580
0.44725664
0.48390299
0.43790944
0.32474478
0.27283040
0.54912239
0.57788010
0.60298346
0.59462281
0.12619824
0.02165495
0.25273869
0.28437136
0.27743863
0.27867674
0.28105342
0.26890091
0.27307223
0.26271293
0.24420612
0.22013700
0.07501560
-0.15161755
-0.24730042
-0.35352560
-0.33452082
-0.39016673
-0.27366695
0.01773104
0.38213909
0.53905270
0.56230219
0.52278736
0.38778210
0.18843373
0.27787352
0.19623542
-0.26860636
-0.01177845
0.22744090
0.00977856
-0.09879677
-0.14506158
0.46227681
0.58242923
0.62582697
0.60844931
0.57757729
0.54220172
0.48521859
0.44483899
0.42929010
0.29163507
0.21300318
0.48266152
0.55123953
0.43841518
0.30581246
0.14604638
0.22683229
0.30833491
0.30367392
0.17705429
0.39140170
0.38871904
0.31507734
0.29136667
0.29263593
0.30188476
0.19778890
0.41306404
0.44170540
0.54767401
0.59656375
0.53034554
0.39648567
0.24916518
0.53896448
0.55553501
0.58001141
0.53068085
0.22664446
0.21545172
0.29219445
0.29841292
0.31532571
0.30611497
0.30249030
0.25673447
0.20141028
-0.24255035
0.03931583
0.39849779
0.46577794
0.53575419
0.52919761
0.49363421
0.10453927
0.26884582
0.29557452
0.29800892
0.31794242
0.30761682
0.30262396
0.30763062
0.29796207
0.22340649
0.37395489
0.58531776
0.50618395
0.11155955
-0.42020932
-0.38621384
0.09297398
0.36724347
