-0.53596508
-0.52144897
-0.51571465
-0.71714811
-0.42195318
-0.62704838
-0.72295117
-0.83805779
-0.41021555
-0.39824183
-0.39399016
-0.37933652
-0.37109441
-0.43301473
-0.39353135
0.00800571
0.19384448
0.14432246
0.12506416
-0.01146672
-0.09596401
-0.20173874
-0.28240231
-0.42237179
-0.35228153
-0.40678475
-0.43751185
-0.33338353
-0.31856190
-0.30970753
-0.51194087
-0.51175737
-0.31261367
-0.27015939
-0.00428027
0.07268048
0.14669035
0.19651346
0.43864188
0.34609404
0.07947199
-0.20693943
-0.21142507
-0.14859356
-0.12184173
-0.10818216
-0.08428570
0.06645238
0.36011050
0.54346754
0.44279055
0.50667615
0.48160316
0.40937224
0.37716290
0.42521883
0.67175771
0.54912314
0.65464427
0.59187031
0.54967749
0.66505235
0.64704268
0.41016760
0.55319955
0.37137825
0.85988429
-0.03686545
-0.08444729
-0.06973031
-0.05189427
-0.06709588
-0.00170884
0.11401748
0.31395061
0.47908974
0.44574638
0.45226851
0.50620862
0.52273833
0.20553349
0.09936821
-0.02152459
-0.01033070
0.20291757
0.45963557
0.51700736
0.61869822
0.67990970
0.86279121
0.80829632
0.80115347
0.73098672
0.61990795
0.50469994
0.47043507
0.39677859
0.14891471
-0.08945261
-0.05499483
-0.06765916
0.04327652
0.53012291
0.64351560
0.71348953
0.69721404
0.68150768
0.62467454
0.55736979
0.58998945
0.55968173
0.57253936
0.63881441
0.70429296
0.72037363
0.46627207
0.37133562
0.24493973
-0.09988468
-0.08743416
-0.10328925
-0.08014137
0.27254243
0.43166135
0.56317457
0.66641801
0.81829432
0.70806554
0.54394171
0.45360647
0.33624651
0.20939389
-0.06113682
-0.09424891
-0.10482555
-0.10385895
-0.03452838
0.17718768
0.34335650
0.38674993
0.38796486
0.40442992
0.37848232
0.47443429
0.54743660
0.63290948
0.32932920
0.34031402
0.26524579
0.14360944
-0.12913914
-0.26652762
-0.12755909
-0.11223663
-0.11573214
-0.13538565
-0.14871444
-0.15291977
-0.15713230
-0.16924533
-0.17492213
-0.19129664
-0.24600055
-0.29252878
-0.22109316
-0.21325339
-0.25635656
-0.20213468
-0.30355040
-0.40137723
-0.27008582
-0.10738555
-0.05601639
0.03947566
0.06922072
0.03497232
-0.05448617
-0.21356244
-0.56582400
-0.37111810
-0.28828866
-0.48312883
-0.25673902
-0.16405619
-0.15742681
0.08339800
0.08960918
0.15433335
0.21306510
0.35025034
0.40950312
0.39367533
0.41912889
0.41251656
0.42408064
0.38999269
0.29021001
0.29687377
0.24064584
0.02450335
-0.09299452
-0.06760414
-0.07512688
-0.17477323
-0.17307134
-0.11700326
-0.19977200
-0.20473105
-0.11947058
-0.12275709
-0.28735120
-0.25177742
-0.12366249
-0.05037170
0.05446846
0.14532362
0.27655199
0.07464431
0.10877703
0.03932529
-0.07869838
-0.26727990
-0.42976604
-0.26964291
-0.21021609
-0.20497786
-0.22712109
-0.22558290
-0.24541532
-0.30145914
-0.61710517
-0.72384909
-0.70537718
-0.39695574
-0.26638184
-0.33813071
-0.41630060
-0.52389878
-0.61634516
-0.31536002
-0.28203611
-0.29250557
-0.31116223
-0.31601189
-0.32065890
-0.32373594
-0.34000477
-0.52401300
-0.83048151
-0.64984828
-0.60903741
-0.80751115
-0.82227428
-0.82228950
-0.78567467
-0.67232486
