1.023e-01
5.917e-12
1.355e-10
9.045e-09
9.620e-07
5.821e-06
6.992e-06
2.035e-06
8.002e-07
4.879e-06
2.505e-05
3.900e-05
1.429e-03
2.789e-03
1.514e-02
1.562e-02
1.270e-02
4.319e-02
9.293e-02
2.046e-01
3.385e-01
6.449e-01
8.536e-01
9.598e-01
9.792e-01
9.952e-01
9.953e-01
9.963e-01
9.974e-01
9.975e-01
9.961e-01
9.978e-01
9.961e-01
9.857e-01
4.760e-01
1.522e-03
1.197e-06
4.601e-09
1.222e-09
5.474e-10
1.660e-09
5.789e-10
1.069e-09
2.094e-09
4.154e-10
2.585e-10
4.703e-10
5.950e-11
1.134e-10
6.177e-10
4.367e-11
1.423e-10
2.799e-10
2.039e-10
3.731e-09
1.442e-08
1.005e-07
8.826e-06
4.001e-05
4.312e-05
4.184e-06
5.178e-07
1.469e-07
7.232e-08
1.555e-08
9.233e-09
2.603e-09
3.973e-09
2.266e-09
3.913e-10
4.530e-10
6.341e-10
2.872e-10
3.231e-10
1.095e-09
3.612e-10
6.971e-10
2.696e-10
4.638e-10
3.033e-10
3.244e-09
3.776e-08
4.378e-07
2.494e-05
6.474e-04
6.001e-03
6.151e-03
1.295e-02
4.484e-02
3.094e-02
1.593e-01
5.330e-01
8.684e-01
9.506e-01
9.849e-01
9.870e-01
9.887e-01
9.665e-01
8.856e-01
7.786e-01
6.346e-01
6.844e-01
6.881e-01
5.748e-01
4.859e-01
1.790e-01
1.007e-01
7.452e-02
6.038e-02
1.191e-01
1.031e-01
2.339e-01
5.277e-01
6.643e-01
9.398e-01
9.822e-01
9.847e-01
9.876e-01
9.757e-01
9.847e-01
9.705e-01
9.893e-01
9.907e-01
9.922e-01
9.936e-01
9.923e-01
9.919e-01
9.829e-01
9.845e-01
9.797e-01
9.896e-01
9.890e-01
9.878e-01
9.945e-01
9.936e-01
9.834e-01
9.202e-01
6.251e-01
1.406e-01
1.379e-02
6.327e-04
7.707e-05
3.400e-05
3.581e-05
1.334e-04
3.551e-04
6.386e-04
8.076e-04
1.751e-03
1.035e-02
1.984e-02
7.441e-02
2.630e-01
4.778e-01
7.385e-01
8.191e-01
6.865e-01
2.970e-01
1.335e-01
2.773e-03
4.588e-05
5.193e-06
9.459e-08
8.098e-09
5.807e-09
1.044e-08
3.812e-08
1.051e-06
7.434e-06
3.489e-05
2.166e-04
6.234e-05
2.493e-05
8.586e-06
1.872e-05
2.463e-05
3.025e-05
2.026e-04
1.637e-03
2.392e-03
9.134e-03
3.446e-02
9.670e-02
7.946e-02
7.440e-02
6.513e-02
7.315e-02
1.707e-01
6.874e-02
3.702e-02
1.242e-02
1.526e-02
1.434e-02
1.630e-02
1.968e-02
5.025e-03
3.336e-03
1.268e-03
2.316e-04
2.648e-04
1.529e-03
9.247e-03
9.632e-02
6.850e-01
9.695e-01
9.930e-01
9.968e-01
9.980e-01
9.974e-01
9.953e-01
9.923e-01
9.865e-01
9.927e-01
9.957e-01
9.971e-01
9.967e-01
9.978e-01
9.964e-01
9.910e-01
9.676e-01
8.040e-01
3.596e-01
4.049e-02
6.714e-03
3.620e-03
1.668e-03
3.734e-03
1.214e-03
1.893e-03
1.614e-03
4.431e-04
1.626e-04
1.548e-05
2.076e-05
1.307e-05
2.622e-06
2.376e-06
1.639e-06
2.734e-06
2.840e-06
2.476e-06
2.864e-06
3.466e-06
6.784e-05
6.637e-05
2.360e-04
9.067e-04
3.236e-03
5.286e-03
3.332e-02
2.073e-01
2.338e-01
8.061e-01
9.671e-01
9.895e-01
9.814e-01
9.868e-01
9.848e-01
9.592e-01
7.718e-01
1.819e-01
1.664e-02
1.709e-03
1.223e-04
1.462e-04
2.023e-04
6.229e-05
4.790e-05
2.137e-04
2.998e-04
3.312e-04
3.507e-05
1.841e-05
2.168e-05
3.032e-05
6.324e-05
3.544e-04
1.630e-02
2.015e-01
6.657e-01
9.265e-01
9.795e-01
9.931e-01
9.952e-01
9.978e-01
9.983e-01
9.981e-01
9.974e-01
9.906e-01
9.454e-01
8.260e-01
2.582e-01
1.509e-03
6.317e-08
1.482e-09
1.446e-10
1.241e-10
2.733e-09
1.851e-07
1.078e-04
1.631e-02
4.645e-01
8.736e-01
9.708e-01
9.829e-01
9.834e-01
9.922e-01
9.892e-01
9.670e-01
6.715e-01
1.793e-01
1.143e-02
5.423e-04
2.340e-04
5.178e-05
3.361e-05
4.803e-05
2.919e-04
7.364e-04
3.776e-04
2.848e-04
7.998e-05
1.190e-05
5.885e-06
8.763e-07
2.174e-07
1.918e-07
1.631e-08
4.486e-09
3.008e-09
1.767e-09
1.272e-09
8.550e-10
1.666e-09
5.123e-10
4.590e-09
2.654e-08
4.658e-08
3.108e-08
6.248e-08
4.707e-09
3.267e-09
1.554e-10
4.617e-10
1.602e-10
6.280e-10
2.846e-10
6.077e-10
4.201e-10
1.999e-10
4.549e-10
2.641e-10
3.351e-11
1.653e-10
1.675e-10
3.099e-10
2.078e-10
3.405e-10
9.175e-10
3.414e-09
1.088e-08
9.910e-09
1.567e-09
1.234e-08
1.103e-08
6.338e-08
2.940e-07
5.278e-06
2.596e-04
5.031e-04
1.858e-04
1.884e-05
2.012e-07
1.516e-08
1.234e-08
3.131e-08
2.313e-08
2.326e-09
8.712e-09
1.108e-07
6.409e-07
7.352e-05
7.253e-02
7.906e-01
9.648e-01
9.855e-01
9.942e-01
9.940e-01
9.940e-01
9.954e-01
9.914e-01
9.891e-01
9.658e-01
8.731e-01
5.805e-01
2.553e-01
1.782e-02
8.669e-04
2.593e-04
3.227e-06
1.070e-06
8.555e-07
1.080e-05
1.910e-05
8.975e-05
5.375e-04
5.631e-04
6.490e-04
7.738e-04
1.076e-03
1.713e-04
2.233e-04
8.358e-04
3.620e-03
7.404e-03
7.587e-02
3.945e-01
8.446e-01
9.532e-01
9.690e-01
9.840e-01
9.845e-01
9.891e-01
9.943e-01
9.945e-01
9.940e-01
9.894e-01
9.926e-01
9.904e-01
9.794e-01
9.385e-01
6.323e-01
2.107e-01
1.080e-01
3.038e-02
6.967e-03
8.968e-03
8.680e-03
1.023e-02
2.254e-02
5.838e-02
4.361e-02
4.301e-02
7.530e-02
1.419e-01
3.246e-01
5.966e-01
7.953e-01
7.948e-01
5.906e-01
5.707e-01
6.531e-01
6.526e-01
6.349e-01
8.005e-01
9.031e-01
8.968e-01
9.017e-01
9.056e-01
7.437e-01
1.648e-01
1.277e-02
9.876e-04
1.426e-05
4.257e-07
3.391e-08
3.328e-09
2.824e-10
2.259e-10
2.537e-10
3.949e-10
4.274e-09
1.157e-08
1.592e-07
9.860e-06
5.492e-04
7.581e-02
6.044e-01
7.727e-01
7.012e-01
1.464e-01
3.196e-02
4.522e-03
6.218e-03
4.945e-03
1.275e-03
1.822e-03
1.914e-03
1.701e-03
5.844e-04
6.105e-04
2.152e-04
2.260e-03
2.886e-04
3.732e-04
1.304e-03
4.128e-03
4.345e-03
1.167e-02
4.923e-03
2.483e-02
7.950e-02
4.095e-01
8.092e-01
8.422e-01
9.450e-01
9.115e-01
9.105e-01
6.420e-01
1.932e-01
1.097e-02
4.748e-04
4.138e-05
2.321e-07
5.991e-09
1.681e-09
1.851e-09
2.375e-09
1.918e-09
1.264e-09
7.187e-10
5.048e-10
7.269e-10
2.091e-09
1.061e-08
1.593e-07
3.620e-06
1.768e-05
1.308e-05
1.391e-04
1.462e-03
4.446e-04
6.920e-04
5.802e-04
4.531e-04
4.091e-04
2.498e-04
2.919e-04
3.791e-04
2.260e-05
2.365e-05
2.068e-04
1.177e-04
4.758e-04
4.884e-03
1.028e-01
7.030e-01
9.216e-01
9.677e-01
9.559e-01
9.421e-01
8.224e-01
2.690e-01
4.978e-02
2.054e-03
1.537e-04
4.056e-05
6.440e-05
1.052e-04
1.934e-03
8.835e-02
8.347e-01
9.639e-01
9.815e-01
9.910e-01
9.909e-01
9.962e-01
9.978e-01
9.977e-01
9.983e-01
9.989e-01
9.976e-01
9.968e-01
9.890e-01
9.815e-01
7.603e-01
1.401e-01
4.846e-03
8.111e-05
1.657e-06
3.242e-08
4.984e-10
1.394e-10
1.872e-10
2.986e-10
3.766e-10
3.398e-09
1.167e-06
1.305e-04
4.087e-02
7.343e-01
9.734e-01
9.928e-01
9.974e-01
9.974e-01
9.963e-01
9.949e-01
9.876e-01
9.741e-01
9.222e-01
8.776e-01
7.406e-01
1.447e-01
4.910e-03
2.268e-04
7.546e-05
9.243e-06
1.030e-04
9.445e-04
1.675e-03
4.757e-03
3.772e-02
2.150e-01
4.801e-01
5.862e-01
4.698e-01
4.606e-01
9.178e-02
1.621e-01
5.749e-02
2.144e-02
2.538e-03
1.242e-04
2.329e-05
5.551e-07
3.438e-08
8.163e-09
1.587e-09
2.092e-09
5.316e-09
5.370e-09
2.109e-09
7.606e-10
5.197e-10
6.986e-10
6.065e-10
3.343e-10
8.275e-10
2.200e-09
3.378e-09
1.218e-07
2.185e-06
9.149e-06
1.382e-05
1.250e-06
1.208e-07
2.533e-08
1.451e-09
1.344e-09
6.535e-10
3.606e-10
8.774e-10
9.060e-10
1.240e-09
1.311e-08
7.666e-09
1.501e-09
2.763e-10
7.601e-11
9.475e-11
1.940e-10
8.288e-11
4.694e-11
4.113e-10
2.884e-10
5.162e-09
1.967e-08
5.392e-08
3.282e-06
1.741e-03
5.839e-02
4.417e-01
5.941e-01
7.314e-01
9.262e-01
9.774e-01
9.835e-01
9.853e-01
9.935e-01
9.958e-01
9.972e-01
9.960e-01
9.960e-01
9.905e-01
9.763e-01
9.659e-01
9.529e-01
9.201e-01
9.283e-01
9.661e-01
9.550e-01
9.093e-01
6.498e-01
1.041e-01
1.251e-03
4.555e-05
6.264e-05
2.331e-04
8.774e-04
1.517e-03
8.030e-04
3.288e-03
8.342e-03
1.078e-02
1.589e-02
2.999e-02
5.642e-02
1.009e-01
3.755e-01
6.285e-01
4.723e-01
6.413e-01
5.033e-01
3.251e-01
7.580e-02
1.888e-02
4.077e-02
4.376e-02
3.744e-02
9.109e-02
2.081e-01
3.759e-01
4.038e-01
3.144e-01
1.629e-01
8.152e-02
8.103e-02
5.010e-02
8.736e-03
5.057e-03
2.295e-03
2.469e-03
1.451e-02
5.988e-02
5.112e-02
7.978e-02
6.929e-02
5.060e-02
8.583e-02
1.645e-01
5.346e-01
7.835e-01
9.468e-01
9.884e-01
9.923e-01
9.925e-01
9.918e-01
9.901e-01
9.716e-01
9.241e-01
6.563e-01
2.969e-01
3.678e-01
6.335e-01
5.283e-01
1.447e-01
8.389e-02
1.693e-02
2.564e-02
2.871e-03
2.510e-04
6.007e-05
9.818e-06
9.127e-06
1.546e-05
1.480e-05
9.041e-06
1.135e-05
9.246e-06
1.129e-05
4.767e-06
1.552e-05
5.075e-04
3.272e-02
3.867e-01
8.812e-01
9.811e-01
9.953e-01
9.959e-01
9.969e-01
9.960e-01
9.961e-01
9.966e-01
9.959e-01
9.952e-01
9.930e-01
9.902e-01
9.838e-01
9.730e-01
9.765e-01
9.726e-01
9.791e-01
9.892e-01
9.930e-01
9.939e-01
9.941e-01
9.949e-01
9.967e-01
9.962e-01
9.914e-01
9.880e-01
9.844e-01
9.838e-01
9.666e-01
9.751e-01
9.904e-01
9.899e-01
9.923e-01
9.942e-01
9.928e-01
9.926e-01
9.892e-01
9.888e-01
9.933e-01
9.946e-01
9.930e-01
9.787e-01
9.869e-01
9.928e-01
9.951e-01
9.968e-01
9.976e-01
9.964e-01
9.893e-01
9.831e-01
8.673e-01
3.920e-01
1.835e-01
5.510e-02
2.684e-02
4.872e-02
3.042e-02
3.245e-02
4.185e-02
2.731e-02
1.985e-02
1.000e-01
3.199e-01
5.468e-01
6.622e-01
8.433e-01
8.297e-01
8.342e-01
7.484e-01
4.761e-01
3.578e-01
6.212e-02
4.861e-03
7.076e-04
3.448e-05
8.862e-08
8.350e-09
2.642e-10
7.647e-10
1.039e-09
5.630e-09
4.517e-08
2.256e-08
7.642e-09
1.484e-08
1.957e-08
2.453e-08
7.478e-08
1.342e-06
1.869e-04
9.414e-03
6.834e-01
9.329e-01
9.806e-01
9.903e-01
9.920e-01
9.849e-01
9.719e-01
8.442e-01
1.564e-01
3.631e-03
5.529e-04
1.655e-06
4.891e-07
5.667e-08
7.506e-09
1.719e-09
6.315e-10
4.023e-10
5.336e-10
6.491e-10
1.259e-09
5.847e-09
3.683e-08
7.538e-07
9.470e-06
1.103e-04
1.370e-03
3.919e-03
2.212e-02
2.024e-01
3.904e-02
6.030e-03
5.805e-04
2.734e-05
5.201e-06
1.523e-06
1.043e-07
1.895e-08
4.009e-09
1.674e-09
8.435e-10
9.104e-11
3.591e-10
6.839e-10
1.950e-09
6.270e-10
3.935e-10
6.045e-10
1.566e-09
1.856e-09
2.553e-09
4.307e-09
1.275e-09
5.743e-10
5.589e-10
5.161e-10
2.294e-10
7.753e-11
1.607e-09
1.997e-09
1.070e-09
1.870e-08
1.011e-08
2.136e-08
2.259e-07
1.118e-06
1.057e-05
7.356e-06
1.427e-05
3.011e-06
5.401e-06
1.221e-07
6.228e-09
8.967e-10
1.670e-10
2.105e-10
2.827e-11
2.552e-11
1.696e-10
6.211e-10
5.778e-10
2.729e-09
5.010e-09
6.481e-09
1.128e-07
8.147e-07
6.345e-06
7.777e-06
1.201e-04
1.694e-04
5.360e-05
2.236e-04
5.142e-04
1.202e-03
1.586e-03
4.047e-03
6.414e-04
4.255e-04
5.438e-04
1.353e-03
1.147e-03
2.989e-03
2.026e-03
8.547e-04
1.147e-03
4.639e-04
5.155e-04
5.276e-04
3.538e-04
2.470e-04
1.240e-04
1.366e-04
8.534e-05
5.369e-05
3.296e-05
3.623e-05
1.540e-05
1.443e-05
6.488e-05
5.643e-05
4.277e-05
1.105e-04
1.234e-04
1.066e-04
7.555e-04
1.574e-03
6.490e-04
8.897e-04
2.307e-04
5.105e-05
2.550e-05
2.022e-05
7.066e-06
6.094e-06
3.434e-05
3.526e-05
7.987e-05
1.319e-04
6.034e-04
1.358e-04
2.350e-04
1.419e-04
2.327e-03
2.931e-03
1.125e-02
2.418e-02
3.569e-02
2.234e-02
4.090e-02
7.487e-02
3.312e-02
3.599e-04
3.268e-05
3.110e-07
6.324e-10
9.970e-12
3.643e-10
1.023e-01
