1.649e-02
9.913e-01
9.444e-01
6.317e-01
3.281e-01
1.951e-01
2.596e-01
4.241e-01
6.654e-01
3.996e-01
3.184e-01
1.008e-01
7.563e-03
5.277e-03
3.556e-03
2.893e-03
1.605e-03
1.086e-03
6.752e-04
7.057e-04
1.149e-03
6.059e-04
4.916e-04
2.747e-04
2.110e-04
1.527e-04
1.322e-04
1.370e-04
1.140e-04
1.038e-04
1.245e-04
1.454e-04
1.748e-04
4.084e-04
1.278e-03
1.431e-02
2.535e-01
9.607e-01
9.707e-01
9.843e-01
9.708e-01
9.640e-01
9.517e-01
9.551e-01
9.721e-01
9.722e-01
9.803e-01
9.863e-01
9.782e-01
9.689e-01
9.874e-01
9.820e-01
9.603e-01
9.742e-01
8.702e-01
8.291e-01
5.331e-01
3.425e-02
1.723e-02
4.240e-02
1.365e-01
5.159e-01
6.272e-01
7.904e-01
9.246e-01
9.462e-01
9.661e-01
9.263e-01
9.357e-01
9.854e-01
9.848e-01
9.890e-01
9.905e-01
9.732e-01
9.833e-01
9.805e-01
9.770e-01
9.581e-01
9.521e-01
9.529e-01
9.348e-01
6.400e-01
4.024e-01
3.277e-02
6.673e-03
1.976e-03
2.582e-03
1.514e-03
6.396e-04
1.059e-03
6.182e-04
7.543e-04
5.806e-04
3.017e-04
2.888e-04
1.668e-04
2.474e-04
2.627e-04
2.475e-04
2.528e-04
2.192e-04
1.767e-04
3.222e-04
4.736e-04
4.323e-04
4.954e-04
9.048e-04
9.589e-04
9.700e-04
8.571e-04
8.057e-04
6.250e-04
4.452e-04
5.175e-04
3.145e-04
2.440e-04
1.762e-04
2.009e-04
2.126e-04
2.031e-04
1.923e-04
1.879e-04
2.371e-04
2.867e-04
2.242e-04
1.952e-04
2.209e-04
2.392e-04
2.984e-04
2.947e-04
2.815e-04
2.492e-04
2.516e-04
2.104e-04
1.683e-04
2.080e-04
2.349e-04
3.595e-04
9.521e-04
4.016e-03
1.252e-02
3.700e-02
4.070e-02
2.804e-02
2.241e-02
4.158e-02
1.382e-02
2.016e-02
1.190e-02
5.880e-03
4.350e-03
2.976e-03
1.196e-03
7.564e-04
3.937e-04
3.107e-04
3.418e-04
4.874e-04
5.143e-04
1.249e-03
8.919e-03
9.601e-02
5.819e-01
9.449e-01
9.697e-01
9.434e-01
8.896e-01
4.699e-01
3.337e-01
1.272e-01
4.833e-02
8.890e-02
7.855e-02
1.104e-01
9.124e-02
8.746e-02
5.955e-02
2.068e-02
2.011e-02
8.495e-03
2.079e-03
1.368e-03
7.465e-04
7.195e-04
1.316e-03
1.064e-03
6.424e-04
8.514e-04
7.601e-04
7.922e-04
9.333e-04
1.357e-03
3.019e-03
5.729e-03
5.362e-03
7.132e-03
1.491e-02
1.733e-02
4.154e-02
2.085e-02
8.646e-03
4.303e-03
2.364e-03
6.494e-04
3.279e-04
2.501e-04
2.384e-04
2.226e-04
2.117e-04
1.907e-04
1.934e-04
1.936e-04
2.101e-04
1.334e-04
1.472e-04
1.652e-04
1.562e-04
1.971e-04
2.035e-04
2.707e-04
4.074e-04
1.166e-03
3.570e-03
6.796e-03
1.175e-02
1.379e-02
1.721e-02
2.054e-02
2.268e-02
2.382e-02
4.925e-02
3.023e-02
1.018e-01
1.289e-01
1.258e-01
1.176e-01
1.313e-01
1.896e-01
1.546e-01
1.386e-01
1.121e-01
1.049e-01
1.694e-01
5.539e-02
8.442e-02
2.310e-02
1.794e-02
1.857e-02
1.511e-02
8.512e-03
3.888e-03
3.140e-03
1.201e-03
5.135e-04
2.601e-04
2.567e-04
2.093e-04
1.655e-04
1.675e-04
2.520e-04
5.233e-04
1.172e-03
4.138e-03
2.239e-02
1.910e-02
3.597e-02
5.736e-02
6.066e-02
3.353e-02
3.162e-02
3.126e-02
8.195e-02
1.097e-01
1.555e-01
1.256e-01
6.670e-02
2.666e-02
6.227e-03
2.701e-03
1.223e-03
5.506e-04
2.418e-04
1.671e-04
1.493e-04
1.096e-04
1.149e-04
9.235e-05
1.287e-04
1.966e-04
2.928e-04
3.676e-04
8.690e-04
1.164e-02
7.183e-01
9.498e-01
9.840e-01
9.753e-01
9.011e-01
1.860e-01
2.409e-02
1.791e-03
5.137e-04
2.512e-04
1.691e-04
2.028e-04
1.600e-04
1.329e-04
1.519e-04
2.065e-04
7.218e-04
2.320e-03
4.429e-03
2.841e-02
6.547e-02
1.084e-01
5.021e-02
4.608e-02
1.618e-02
1.946e-02
1.869e-02
2.729e-02
3.868e-02
1.322e-01
1.740e-01
4.461e-01
3.738e-01
5.907e-01
8.907e-01
9.401e-01
9.816e-01
9.863e-01
9.800e-01
9.843e-01
9.878e-01
9.896e-01
9.875e-01
9.607e-01
9.443e-01
9.167e-01
8.838e-01
9.485e-01
9.599e-01
9.844e-01
9.835e-01
9.852e-01
9.784e-01
9.859e-01
9.900e-01
9.844e-01
9.948e-01
9.870e-01
9.568e-01
9.811e-01
9.936e-01
9.923e-01
9.802e-01
9.839e-01
9.871e-01
9.621e-01
9.170e-01
9.491e-01
9.616e-01
9.114e-01
9.108e-01
8.759e-01
7.515e-01
4.826e-01
1.592e-01
1.138e-02
8.822e-03
1.143e-02
3.536e-02
2.603e-01
5.802e-01
7.534e-01
7.609e-01
8.190e-01
9.455e-01
9.219e-01
8.967e-01
6.432e-01
8.020e-02
1.517e-03
4.060e-04
2.330e-04
1.754e-04
1.708e-04
1.383e-04
1.250e-04
1.217e-04
1.620e-04
1.683e-04
1.709e-04
2.596e-04
3.175e-04
5.046e-04
1.369e-03
5.651e-03
1.057e-02
1.691e-01
2.014e-01
4.193e-01
1.329e-01
1.452e-01
3.655e-02
2.275e-02
2.761e-02
1.392e-02
1.213e-02
2.288e-02
5.786e-02
3.583e-02
1.914e-02
1.263e-02
9.470e-03
3.567e-03
1.639e-03
7.410e-04
2.956e-04
1.968e-04
2.264e-04
1.706e-04
1.904e-04
1.987e-04
1.896e-04
1.458e-04
1.565e-04
2.149e-04
1.666e-04
2.352e-04
3.206e-04
4.896e-04
5.462e-04
7.207e-04
1.073e-03
1.665e-03
1.138e-03
1.383e-03
1.445e-03
1.778e-03
9.290e-04
1.523e-03
8.735e-04
6.706e-04
4.377e-04
3.459e-04
2.400e-04
1.966e-04
3.383e-04
3.406e-04
4.608e-04
5.236e-04
6.386e-04
4.414e-04
3.011e-04
1.814e-04
1.642e-04
1.531e-04
2.344e-04
2.818e-04
1.337e-03
3.241e-03
1.068e-02
1.366e-01
4.443e-01
6.894e-01
9.562e-01
9.821e-01
9.821e-01
9.788e-01
9.703e-01
9.410e-01
9.304e-01
4.984e-01
1.010e-01
6.603e-03
7.993e-04
3.299e-04
3.256e-04
4.344e-04
1.302e-03
3.180e-03
5.758e-03
8.981e-03
8.221e-03
1.602e-02
1.847e-02
1.972e-02
1.701e-02
1.310e-02
8.328e-03
8.230e-03
5.256e-03
1.682e-02
1.723e-02
1.490e-02
7.837e-03
5.252e-03
3.095e-03
2.752e-03
1.758e-03
1.275e-03
7.492e-04
3.415e-04
1.787e-04
2.148e-04
3.110e-04
3.922e-04
5.176e-04
5.740e-04
1.074e-03
4.560e-03
1.851e-02
3.502e-01
7.692e-01
9.388e-01
9.566e-01
9.541e-01
9.801e-01
9.847e-01
9.830e-01
9.810e-01
9.812e-01
9.675e-01
9.198e-01
7.408e-01
2.729e-01
1.595e-01
1.366e-01
4.074e-02
2.373e-02
4.104e-02
3.422e-02
2.673e-02
2.173e-02
2.117e-02
5.381e-02
4.167e-02
4.715e-02
2.267e-01
2.056e-01
5.494e-02
3.918e-02
1.700e-02
8.471e-03
1.771e-03
3.896e-04
2.353e-04
2.274e-04
1.438e-04
1.733e-04
3.804e-04
1.880e-03
6.449e-03
2.895e-02
9.994e-02
9.320e-02
7.467e-02
5.984e-02
8.903e-03
1.228e-03
3.642e-04
2.067e-04
1.758e-04
1.565e-04
1.559e-04
1.460e-04
1.172e-04
1.754e-04
1.356e-04
1.528e-04
1.297e-04
1.080e-04
1.516e-04
2.161e-04
8.574e-04
2.814e-03
8.811e-03
5.163e-02
2.095e-01
7.510e-01
9.493e-01
9.752e-01
9.828e-01
9.803e-01
9.622e-01
8.380e-01
3.519e-01
4.761e-02
4.148e-03
9.420e-04
3.540e-04
2.601e-04
2.095e-04
1.590e-04
2.054e-04
1.772e-04
1.761e-04
1.696e-04
1.974e-04
2.170e-04
3.496e-04
7.383e-04
4.692e-03
2.783e-02
3.139e-02
7.348e-02
4.083e-02
1.775e-02
2.262e-02
8.278e-03
2.990e-03
9.016e-04
5.115e-04
3.198e-04
6.771e-04
8.057e-04
9.700e-04
5.522e-04
8.725e-04
7.650e-04
1.173e-03
4.064e-03
1.262e-02
1.058e-01
4.947e-01
8.018e-01
8.903e-01
9.413e-01
9.018e-01
9.644e-01
9.680e-01
9.711e-01
9.723e-01
9.792e-01
9.814e-01
9.811e-01
9.854e-01
9.836e-01
9.204e-01
7.202e-01
1.814e-01
6.525e-02
1.236e-01
4.809e-01
6.659e-01
9.169e-01
9.711e-01
9.797e-01
9.775e-01
9.811e-01
9.763e-01
9.889e-01
9.799e-01
9.491e-01
9.381e-01
9.802e-01
9.868e-01
9.883e-01
9.820e-01
9.888e-01
9.926e-01
9.919e-01
9.914e-01
9.813e-01
9.575e-01
9.448e-01
7.025e-01
1.584e-01
3.741e-03
9.785e-04
3.662e-04
3.620e-04
2.097e-04
1.915e-04
2.202e-04
2.007e-04
1.606e-04
1.614e-04
1.595e-04
1.332e-04
1.507e-04
1.442e-04
1.115e-04
1.307e-04
1.561e-04
1.673e-04
2.121e-04
1.320e-04
1.466e-04
1.808e-04
2.731e-04
4.951e-04
1.351e-03
1.145e-02
5.818e-02
2.007e-02
6.062e-03
3.659e-03
1.217e-03
2.010e-03
1.771e-03
1.095e-03
8.536e-04
1.346e-03
1.420e-03
9.383e-04
9.542e-04
6.591e-04
3.892e-04
4.477e-04
5.091e-04
6.093e-04
6.264e-04
8.006e-04
1.096e-03
8.549e-04
1.342e-03
8.688e-04
9.139e-04
5.858e-04
4.580e-04
4.702e-04
4.890e-04
6.314e-04
7.279e-04
1.032e-03
7.623e-04
9.738e-04
1.341e-03
2.298e-03
3.538e-03
2.120e-03
1.134e-03
1.119e-03
1.178e-03
1.078e-03
6.834e-04
4.479e-04
5.787e-04
5.130e-04
2.907e-04
1.578e-04
1.724e-04
1.822e-04
1.809e-04
1.559e-04
1.606e-04
1.969e-04
5.414e-04
1.319e-03
2.750e-03
9.273e-04
3.856e-04
4.215e-04
5.420e-04
6.420e-04
1.899e-03
2.194e-03
7.146e-03
2.233e-02
4.387e-02
9.460e-02
5.501e-02
4.829e-02
6.902e-02
1.504e-01
6.582e-02
9.858e-02
5.714e-02
1.777e-01
6.705e-02
1.529e-02
3.500e-03
8.927e-04
2.479e-04
2.025e-04
1.830e-04
1.832e-04
2.009e-04
2.021e-04
2.420e-04
2.233e-04
1.702e-04
1.991e-04
2.340e-04
2.394e-04
2.428e-04
1.925e-04
2.233e-04
1.930e-04
1.862e-04
1.609e-04
1.688e-04
1.657e-04
2.077e-04
2.192e-04
2.005e-04
2.283e-04
2.292e-04
2.624e-04
2.681e-04
2.412e-04
2.745e-04
2.728e-04
2.305e-04
2.116e-04
1.855e-04
2.259e-04
2.400e-04
2.059e-04
2.029e-04
2.053e-04
1.382e-04
1.383e-04
1.823e-04
1.913e-04
1.574e-04
1.410e-04
1.308e-04
1.606e-04
1.480e-04
1.228e-04
1.654e-04
2.174e-04
3.098e-04
7.508e-04
8.297e-04
9.080e-04
1.312e-03
1.018e-03
9.565e-04
1.099e-03
9.336e-04
7.512e-04
1.236e-03
1.028e-03
5.598e-04
6.773e-04
5.630e-04
6.096e-04
7.825e-04
4.782e-04
5.323e-04
5.692e-04
7.269e-04
8.569e-04
2.014e-03
3.000e-03
1.559e-02
3.323e-01
7.399e-01
9.419e-01
9.097e-01
9.360e-01
8.022e-01
4.938e-01
5.932e-01
8.837e-01
9.422e-01
9.136e-01
9.238e-01
7.659e-01
4.185e-01
7.920e-02
5.280e-03
5.792e-04
2.702e-04
1.811e-04
1.562e-04
1.875e-04
2.116e-04
3.084e-04
5.363e-04
1.284e-03
1.207e-02
5.407e-02
3.097e-01
5.190e-01
8.163e-01
9.159e-01
9.506e-01
9.791e-01
9.826e-01
9.849e-01
9.842e-01
9.767e-01
9.406e-01
8.388e-01
6.968e-01
2.293e-01
7.663e-02
1.157e-02
9.835e-03
8.043e-03
4.460e-03
1.012e-02
3.037e-02
4.281e-02
7.191e-02
1.446e-01
2.598e-01
7.797e-01
9.050e-01
9.712e-01
9.590e-01
9.719e-01
9.868e-01
9.602e-01
9.678e-01
9.770e-01
9.783e-01
9.753e-01
9.605e-01
9.726e-01
9.777e-01
9.658e-01
9.883e-01
9.854e-01
9.914e-01
9.851e-01
9.920e-01
9.898e-01
9.948e-01
9.759e-01
9.447e-01
9.220e-01
8.761e-01
8.396e-01
8.553e-01
6.651e-01
4.226e-01
1.542e-01
2.546e-01
2.604e-01
2.212e-01
2.962e-01
7.290e-01
9.445e-01
9.688e-01
9.912e-01
9.878e-01
9.938e-01
9.951e-01
9.792e-01
9.855e-01
9.844e-01
9.213e-01
8.723e-01
9.001e-01
7.913e-01
3.829e-01
1.700e-01
1.224e-01
3.447e-02
3.339e-02
3.246e-02
1.611e-02
2.456e-02
2.309e-02
1.387e-02
9.291e-03
3.419e-02
3.143e-02
4.129e-02
1.197e-02
7.135e-03
3.445e-03
4.118e-03
2.087e-02
1.720e-02
3.211e-02
1.425e-02
1.659e-02
1.207e-02
2.534e-02
1.766e-02
1.832e-02
3.990e-02
4.248e-02
6.510e-02
6.720e-02
7.391e-02
5.566e-02
3.159e-02
3.842e-02
2.581e-02
4.686e-02
2.094e-02
2.131e-02
1.914e-02
1.537e-02
9.718e-03
8.969e-03
2.680e-02
5.298e-02
7.004e-02
5.124e-02
8.391e-02
7.224e-02
5.209e-02
4.291e-02
1.756e-02
1.329e-02
1.134e-02
1.719e-02
3.874e-02
5.956e-02
1.982e-02
2.135e-02
8.279e-03
6.516e-03
2.873e-03
5.360e-03
3.612e-03
3.997e-03
6.557e-03
2.643e-02
1.310e-01
5.648e-01
9.658e-01
9.812e-01
9.977e-01
1.649e-02
