0.99999819
0.99999485
0.99995535
0.99936913
0.99592123
0.99245499
0.98685611
0.90177314
-0.32827637
-0.97954044
-0.99880883
-0.99973795
-0.99985032
-0.99985872
-0.99983105
-0.99978122
-0.99973569
-0.99973647
-0.99978509
-0.99983955
-0.99987428
-0.99988937
-0.99989112
-0.99988364
-0.99986965
-0.99985437
-0.99984541
-0.99983686
-0.99977843
-0.99933055
-0.99080575
-0.38990780
0.98889610
0.99997426
0.99999968
0.99999991
0.99999858
0.99946884
0.57188445
-0.97406977
-0.99909389
-0.99979879
-0.99987785
-0.99989104
-0.99989273
-0.99989317
-0.99989382
-0.99989446
-0.99989464
-0.99989414
-0.99989321
-0.99989270
-0.99989348
-0.99989537
-0.99989709
-0.99989740
-0.99989605
-0.99989372
-0.99989127
-0.99988917
-0.99988759
-0.99988645
-0.99988486
-0.99988084
-0.99987091
-0.99984773
-0.99978907
-0.99961979
-0.99910170
-0.99784279
-0.99665990
-0.99750307
-0.99894466
-0.99960479
-0.99981203
-0.99987457
-0.99988889
-0.99987568
-0.99982435
-0.99969811
-0.99946825
-0.99924226
-0.99915851
-0.99892914
-0.99664774
-0.94483215
0.48901155
0.99647072
0.99992044
0.99996805
0.99989151
0.99973069
0.99994762
0.99999954
1.00000000
1.00000000
1.00000000
1.00000000
1.00000000
1.00000000
1.00000000
1.00000000
1.00000000
1.00000000
1.00000000
1.00000000
1.00000000
1.00000000
1.00000000
1.00000000
0.99999989
0.99999940
0.99999967
0.99999991
0.99999992
0.99999947
0.99999170
0.99988902
0.99868158
0.97022278
0.10652834
-0.95514102
-0.99760294
-0.99945073
-0.99951006
-0.99867956
-0.99253062
-0.95837091
-0.91386057
-0.95782993
-0.99272128
-0.99886057
-0.99968616
-0.99983691
-0.99987406
-0.99988483
-0.99988883
-0.99989100
-0.99989240
-0.99989325
-0.99989351
-0.99989327
-0.99989283
-0.99989244
-0.99989209
-0.99989176
-0.99989157
-0.99989185
-0.99989274
-0.99989336
-0.99989099
-0.99987549
-0.99980303
-0.99935115
-0.99315866
-0.81085857
0.47701182
0.84342524
0.53201112
-0.74069134
-0.98797241
-0.99874815
-0.99964704
-0.99980444
-0.99983188
-0.99980145
-0.99972402
-0.99964150
-0.99964197
-0.99972767
-0.99981279
-0.99985538
-0.99985034
-0.99974950
-0.99911254
-0.99132955
-0.78503900
0.69632081
0.98519476
0.99492944
0.97099389
0.19621876
-0.94872798
-0.99602627
-0.99756467
-0.99218778
-0.96043008
-0.91729475
-0.95984325
-0.99243961
-0.99816515
-0.99843809
-0.99323629
-0.90006654
-0.05558520
0.57080619
0.33678652
-0.33280650
-0.30451840
0.83347038
0.99923543
0.99999749
0.99999995
0.99999999
1.00000000
1.00000000
1.00000000
0.99999999
0.99999986
0.99999673
0.99972648
0.93871270
-0.74218917
-0.99505391
-0.99954154
-0.99983887
-0.99988441
-0.99989124
-0.99989017
-0.99988873
-0.99988851
-0.99988961
-0.99989118
-0.99989234
-0.99989285
-0.99989309
-0.99989340
-0.99989369
-0.99989364
-0.99989285
-0.99988808
-0.99986554
-0.99977149
-0.99931975
-0.99663658
-0.98327876
-0.95283494
-0.90420416
-0.51726405
0.93831991
0.99996154
0.99999999
1.00000000
1.00000000
1.00000000
0.99999999
0.99999930
0.99998941
0.99998350
0.99999820
0.99999994
0.99999999
0.99999996
0.99999581
0.99878477
0.88880349
0.32542101
0.61436228
0.98644951
0.99994986
0.99999991
1.00000000
1.00000000
1.00000000
1.00000000
1.00000000
0.99999999
0.99999987
0.99999985
0.99999999
1.00000000
1.00000000
1.00000000
1.00000000
1.00000000
1.00000000
1.00000000
1.00000000
1.00000000
1.00000000
1.00000000
1.00000000
0.99998972
0.97266820
0.35583531
0.59315046
0.98625937
0.99994857
0.99999993
1.00000000
1.00000000
1.00000000
0.99999991
0.99975034
0.72835159
-0.93254954
-0.99731256
-0.99952384
-0.99973536
-0.99957658
-0.99752507
-0.93537380
0.48259230
0.99195028
0.99964950
0.99987647
0.99959144
0.99081096
0.54524527
-0.86474675
-0.98654718
-0.99210361
-0.98394852
-0.96472703
-0.96860993
-0.99040058
-0.99803285
-0.99928724
-0.99889643
-0.98304065
0.45469419
0.99986345
0.99999999
1.00000000
1.00000000
1.00000000
1.00000000
1.00000000
0.99999946
0.99963076
0.96020143
0.41796115
-0.51211704
-0.84594791
-0.85595762
-0.27791340
0.90694183
0.99556498
0.99658007
0.92856195
-0.61328668
-0.99266084
-0.99943572
-0.99982343
-0.99988077
-0.99989167
-0.99989294
-0.99989228
-0.99989135
-0.99989065
-0.99989034
-0.99989048
-0.99989098
-0.99989155
-0.99989197
-0.99989230
-0.99989298
-0.99989419
-0.99989477
-0.99988833
-0.99984652
-0.99957504
-0.99538264
-0.73194794
0.94840552
0.99967867
0.99998135
0.99998044
0.99988530
0.99969449
0.99997231
0.99999996
1.00000000
1.00000000
1.00000000
1.00000000
1.00000000
0.99999925
0.99994480
0.99960596
0.99846010
0.99106882
0.94693947
0.89559968
0.97427582
0.99944047
0.99999787
1.00000000
1.00000000
1.00000000
1.00000000
1.00000000
0.99999999
0.99999878
0.99993735
0.99930675
0.99665016
0.98707841
0.96245802
0.91884792
0.74664567
-0.22645173
-0.94963734
-0.99707003
-0.99950810
-0.99977443
-0.99982630
-0.99984764
-0.99986653
-0.99988128
-0.99988930
-0.99989244
-0.99989329
-0.99989242
-0.99988414
-0.99984013
-0.99957191
-0.99593372
-0.82143051
0.86014989
0.99822384
0.99988776
0.99997245
0.99999314
0.99999914
0.99999988
0.99999992
0.99999922
0.99992744
0.98756337
0.56261629
0.12320864
0.82763607
0.99718338
0.99995901
0.99999743
0.99999951
0.99999992
0.99999999
1.00000000
1.00000000
1.00000000
1.00000000
0.99999999
0.99999990
0.99999738
0.99980857
0.98087596
0.53965058
0.14763211
0.67656506
0.92472868
0.90547065
0.30504691
-0.80648820
-0.94078392
-0.79486565
0.42921094
0.95066813
0.97105662
0.82862602
-0.13912097
-0.69668913
-0.42309323
0.77306121
0.99698546
0.99998470
0.99999993
1.00000000
1.00000000
1.00000000
1.00000000
1.00000000
1.00000000
1.00000000
0.99999999
0.99999838
0.99980987
0.99825392
0.99906910
0.99984911
0.99994176
0.99991766
0.99987880
0.99993616
0.99997918
0.99997758
0.99972394
0.97053367
-0.50648284
-0.99133785
-0.99937075
-0.99981172
-0.99987606
-0.99988959
-0.99989374
-0.99989627
-0.99989734
-0.99989677
-0.99989497
-0.99989250
-0.99988940
-0.99988571
-0.99988247
-0.99988161
-0.99988405
-0.99988861
-0.99989352
-0.99989773
-0.99990073
-0.99990222
-0.99990254
-0.99990262
-0.99990304
-0.99990344
-0.99990294
-0.99990095
-0.99989734
-0.99989252
-0.99988742
-0.99988294
-0.99987926
-0.99987606
-0.99987304
-0.99986947
-0.99986422
-0.99985722
-0.99984876
-0.99983432
-0.99980203
-0.99973865
-0.99964756
-0.99956622
-0.99952868
-0.99948504
-0.99921634
-0.99703312
-0.94165895
0.66405891
0.99941461
0.99999874
0.99999997
0.99999998
0.99999988
0.99999866
0.99999763
0.99999965
0.99999998
0.99999999
0.99999995
0.99999880
0.99999702
0.99999991
1.00000000
1.00000000
1.00000000
1.00000000
1.00000000
1.00000000
1.00000000
0.99999787
0.97475672
-0.68348481
-0.97877952
-0.99382650
-0.99764573
-0.99920202
-0.99969448
-0.99983255
-0.99987145
-0.99988215
-0.99988553
-0.99988463
-0.99987439
-0.99984736
-0.99979576
-0.99970740
-0.99952471
-0.99891867
-0.99520343
-0.94564550
-0.08163299
0.94962774
0.99759711
0.99910584
0.99482189
0.76941796
-0.84401959
-0.99547505
-0.99948417
-0.99981308
-0.99987323
-0.99988912
-0.99989412
-0.99989587
-0.99989619
-0.99989583
-0.99989512
-0.99989450
-0.99989440
-0.99989489
-0.99989519
-0.99989171
-0.99987226
-0.99978410
-0.99921731
-0.98974716
-0.43896187
0.98961398
0.99999444
1.00000000
1.00000000
1.00000000
1.00000000
1.00000000
0.99999996
0.99999996
1.00000000
1.00000000
1.00000000
1.00000000
1.00000000
0.99999964
0.99996980
0.99926429
0.99583269
0.99314219
0.99446795
0.99499026
0.99142257
0.98303990
0.98491840
0.99336688
0.99426573
0.97757805
0.87851408
0.85608043
0.97603592
0.99842318
0.99988341
0.99999084
0.99999930
0.99999988
0.99999989
0.99999967
0.99999956
0.99999996
1.00000000
1.00000000
1.00000000
1.00000000
1.00000000
1.00000000
1.00000000
1.00000000
1.00000000
1.00000000
0.99999997
0.99997470
0.97897994
-0.57426421
-0.99225658
-0.99936884
-0.99980997
-0.99988023
-0.99989602
-0.99989933
-0.99989946
-0.99989861
-0.99989608
-0.99988562
-0.99983985
-0.99959587
-0.99727490
-0.95446660
-0.45516009
0.10992365
-0.38945622
-0.90864303
-0.97055309
-0.81099108
0.94940748
0.99999243
1.00000000
1.00000000
1.00000000
1.00000000
0.99999811
0.99874994
0.94997518
0.96045344
0.99878589
0.99998539
0.99999936
0.99999985
0.99999993
0.99999998
1.00000000
1.00000000
1.00000000
1.00000000
1.00000000
1.00000000
1.00000000
1.00000000
1.00000000
1.00000000
0.99999827
0.99991438
0.99973846
0.99996471
0.99999974
1.00000000
1.00000000
1.00000000
1.00000000
1.00000000
1.00000000
0.99998595
0.94287323
-0.78723465
-0.97744195
-0.97333519
-0.92309714
-0.88517193
-0.95212165
-0.99034157
-0.99634745
-0.99105792
-0.76504665
0.95486960
0.99997396
0.99999999
1.00000000
1.00000000
1.00000000
1.00000000
0.99999998
0.99999975
0.99999998
1.00000000
1.00000000
1.00000000
1.00000000
1.00000000
1.00000000
1.00000000
1.00000000
1.00000000
1.00000000
1.00000000
0.99999769
0.99358629
-0.33775111
-0.98264523
-0.99423256
-0.96535010
-0.03095986
0.97324268
0.99743807
0.99217025
0.65952333
-0.91296706
-0.99747173
-0.99965126
-0.99984595
-0.99988017
-0.99988686
-0.99988830
-0.99988910
-0.99988994
-0.99989070
-0.99989103
-0.99989054
-0.99988906
-0.99988704
-0.99988547
-0.99988518
-0.99988621
-0.99988781
-0.99988913
-0.99988967
-0.99988936
-0.99988840
-0.99988737
-0.99988704
-0.99988780
-0.99988923
-0.99989051
-0.99989110
-0.99989108
-0.99989077
-0.99989042
-0.99989012
-0.99988991
-0.99988994
-0.99989031
-0.99989089
-0.99989133
-0.99989140
-0.99989117
-0.99989095
-0.99989098
-0.99989123
-0.99989141
-0.99989122
-0.99989078
-0.99989066
-0.99989122
-0.99989183
-0.99989050
-0.99988331
-0.99986326
-0.99982045
-0.99975091
-0.99968271
-0.99967384
-0.99973138
-0.99980163
-0.99985108
-0.99987953
-0.99989500
-0.99990313
-0.99990686
-0.99990788
-0.99990728
-0.99990565
-0.99990305
-0.99989922
-0.99989423
-0.99988918
-0.99988570
-0.99988483
-0.99988660
-0.99989055
-0.99989570
-0.99990059
-0.99990401
-0.99990548
-0.99990470
-0.99990052
-0.99988588
-0.99982467
-0.99944227
-0.99357781
-0.73487099
0.84033383
0.99231204
0.99740290
0.99769481
0.99904877
0.99987712
0.99998642
0.99999784
0.99999982
1.00000000
1.00000000
1.00000000
1.00000000
1.00000000
1.00000000
1.00000000
1.00000000
1.00000000
1.00000000
1.00000000
1.00000000
1.00000000
1.00000000
0.99999997
0.99998878
0.99331731
-0.02617904
-0.97707544
-0.99868107
-0.99971825
-0.99985130
-0.99986959
-0.99984282
-0.99969268
-0.99836439
-0.96292493
0.13204040
0.96621523
0.99363074
0.98889789
0.96966224
0.98128446
0.99765724
0.99956915
0.99892872
0.95013245
-0.61948405
-0.99364420
-0.99951634
-0.99984543
-0.99989352
-0.99990321
-0.99990664
-0.99990914
-0.99990920
-0.99990282
-0.99988260
-0.99983563
-0.99974839
-0.99964339
-0.99961249
-0.99969436
-0.99979852
-0.99986094
-0.99987692
-0.99981405
-0.99910279
-0.96249838
0.87773963
0.99998339
1.00000000
1.00000000
1.00000000
1.00000000
0.99999048
0.97959112
0.07229121
0.34096548
0.99632981
0.99999943
1.00000000
1.00000000
1.00000000
1.00000000
1.00000000
1.00000000
1.00000000
1.00000000
1.00000000
0.99999178
0.96984199
-0.38700956
-0.68913111
0.39066203
0.98433513
0.99952001
0.99993385
0.99995949
0.99989174
0.99867150
0.96964303
0.80887450
0.89113062
0.99213604
0.99955116
0.99986129
0.99963705
0.99796799
0.99681361
0.99947373
0.99998089
0.99999905
0.99999955
0.99999406
0.99868159
0.46252109
-0.97119986
-0.99881346
-0.99970133
-0.99973929
-0.99942490
-0.99661216
-0.94116309
0.16028191
0.98235921
0.99987368
0.99999962
1.00000000
1.00000000
1.00000000
1.00000000
1.00000000
1.00000000
0.99999991
0.99999736
0.99997653
0.99969497
0.99017072
0.77468688
0.12718927
-0.10259960
-0.07940483
0.06799824
0.53947208
0.92386433
0.98733905
0.98514115
0.78338717
-0.77858511
-0.99414610
-0.99943203
-0.99980589
-0.99986781
-0.99988306
-0.99988773
-0.99988831
-0.99988646
-0.99988409
-0.99988279
-0.99988303
-0.99988426
-0.99988533
-0.99988315
-0.99986322
-0.99974851
-0.99868984
-0.96324989
0.53420274
0.99867467
0.99999595
0.99999996
1.00000000
1.00000000
0.99999999
0.99999882
0.99969198
0.98489617
0.91416918
