0.28099282
-0.37415276
-0.84775375
-0.93095582
-0.88949277
-0.70266835
-0.60216672
-0.85440364
-0.98249923
-0.99787889
-0.99944015
-0.99966899
-0.99968151
-0.99963756
-0.99961116
-0.99965067
-0.99973249
-0.99980477
-0.99984886
-0.99987075
-0.99987903
-0.99987777
-0.99986662
-0.99984456
-0.99981741
-0.99980222
-0.99981111
-0.99982977
-0.99982613
-0.99973468
-0.99916280
-0.99322291
-0.88132146
0.21899482
0.91443805
0.97326304
0.93448279
0.26633736
-0.91440085
-0.99622741
-0.99949693
-0.99981096
-0.99986951
-0.99988348
-0.99988706
-0.99988823
-0.99988903
-0.99989017
-0.99989167
-0.99989295
-0.99989323
-0.99989221
-0.99989044
-0.99988887
-0.99988807
-0.99988781
-0.99988754
-0.99988710
-0.99988668
-0.99988606
-0.99988259
-0.99986592
-0.99979871
-0.99949771
-0.99770150
-0.98611275
-0.94799398
-0.93482923
-0.97094731
-0.99146195
-0.99704512
-0.99866779
-0.99933777
-0.99965847
-0.99979966
-0.99985582
-0.99987516
-0.99987793
-0.99987164
-0.99985843
-0.99983808
-0.99980305
-0.99970127
-0.99911644
-0.98912667
-0.31563921
0.99117597
0.99996262
0.99999683
0.99999258
0.99995857
0.99997761
0.99999969
1.00000000
1.00000000
1.00000000
1.00000000
1.00000000
1.00000000
1.00000000
1.00000000
1.00000000
0.99999998
0.99999997
0.99999993
0.99999959
0.99998991
0.99952458
0.98981741
0.96585914
0.98570242
0.99885744
0.99995319
0.99999600
0.99999726
0.99997584
0.99886003
0.94055433
0.14795434
-0.80374536
-0.97774462
-0.99705830
-0.99935466
-0.99972774
-0.99979600
-0.99975742
-0.99957282
-0.99904410
-0.99807904
-0.99766690
-0.99849859
-0.99934129
-0.99970530
-0.99982836
-0.99986888
-0.99988178
-0.99988549
-0.99988619
-0.99988555
-0.99988397
-0.99988202
-0.99988062
-0.99988041
-0.99988122
-0.99988241
-0.99988361
-0.99988490
-0.99988633
-0.99988739
-0.99988700
-0.99988408
-0.99987756
-0.99986526
-0.99984084
-0.99979039
-0.99969585
-0.99956979
-0.99950637
-0.99957704
-0.99969946
-0.99978741
-0.99983439
-0.99985866
-0.99987231
-0.99987972
-0.99988245
-0.99988214
-0.99988081
-0.99987989
-0.99987916
-0.99987540
-0.99985758
-0.99978472
-0.99942466
-0.99643280
-0.95116468
-0.36915061
0.62995761
0.79875548
0.45387516
-0.69040728
-0.98310841
-0.99851980
-0.99963924
-0.99979409
-0.99981251
-0.99980151
-0.99979588
-0.99980605
-0.99981986
-0.99981838
-0.99978039
-0.99965810
-0.99930643
-0.99835184
-0.99630561
-0.99330067
-0.98869943
-0.97040377
-0.78612636
0.57602045
0.99254091
0.99987895
0.99999495
0.99999921
0.99999945
0.99999836
0.99998264
0.99952970
0.97794959
0.24866319
-0.91790573
-0.99538372
-0.99934555
-0.99977416
-0.99985707
-0.99987693
-0.99988076
-0.99988084
-0.99988118
-0.99988260
-0.99988445
-0.99988562
-0.99988569
-0.99988504
-0.99988431
-0.99988383
-0.99988360
-0.99988331
-0.99988203
-0.99987572
-0.99984920
-0.99974082
-0.99919710
-0.99557555
-0.97487638
-0.93509757
-0.94092561
-0.96323472
-0.95808923
-0.88621644
-0.65596261
-0.49840697
-0.70512969
-0.91586288
-0.97362087
-0.97547167
-0.87428349
0.33335525
0.98197513
0.99891911
0.99915811
0.99060861
0.59687355
-0.86993778
-0.99301194
-0.99841741
-0.99830544
-0.99057465
-0.72969466
0.90995891
0.99945160
0.99998987
0.99999889
0.99999939
0.99999871
0.99999285
0.99996330
0.99995008
0.99998668
0.99999880
0.99999995
1.00000000
1.00000000
1.00000000
1.00000000
1.00000000
1.00000000
1.00000000
0.99999998
0.99999994
0.99999943
0.99998347
0.99966950
0.99886057
0.99916276
0.99950269
0.99945656
0.99917854
0.99906229
0.99932269
0.99956576
0.99946084
0.99677203
0.89297148
-0.59189834
-0.98094325
-0.99545561
-0.99508488
-0.99098255
-0.98723349
-0.98757173
-0.98843016
-0.98702925
-0.98398475
-0.98179932
-0.98208979
-0.98462359
-0.98911210
-0.99429484
-0.99776275
-0.99916842
-0.99959978
-0.99971132
-0.99971322
-0.99968027
-0.99965891
-0.99963672
-0.99946335
-0.99819639
-0.98135838
-0.60850406
0.76967372
0.98512592
0.99699844
0.99637235
0.96767330
0.23851546
-0.92577940
-0.99454098
-0.99810039
-0.99757610
-0.99482462
-0.99218900
-0.99450820
-0.99773209
-0.99908202
-0.99951810
-0.99968652
-0.99977701
-0.99983199
-0.99986192
-0.99987514
-0.99987938
-0.99988042
-0.99988135
-0.99988280
-0.99988416
-0.99988498
-0.99988544
-0.99988589
-0.99988628
-0.99988615
-0.99988521
-0.99988380
-0.99988287
-0.99988317
-0.99988459
-0.99988598
-0.99988480
-0.99987306
-0.99982064
-0.99955990
-0.99734452
-0.95774902
-0.27156417
0.79599862
0.92925773
0.83989723
0.09688187
-0.79087999
-0.93977125
-0.94093144
-0.86812320
-0.64002777
-0.14804479
0.47932215
0.80377944
0.84280460
0.60527754
-0.06230921
-0.33257506
0.13754394
0.75938152
0.92693787
0.95346220
0.95772434
0.96604826
0.97553444
0.97683528
0.96181652
0.89948125
0.68001319
0.07546004
-0.65779403
-0.93149701
-0.98477224
-0.99529084
-0.99794137
-0.99881019
-0.99921789
-0.99949188
-0.99966742
-0.99974589
-0.99975373
-0.99972497
-0.99970955
-0.99974299
-0.99980032
-0.99984416
-0.99986640
-0.99987431
-0.99987615
-0.99987698
-0.99987833
-0.99987948
-0.99987858
-0.99987273
-0.99985753
-0.99982702
-0.99976896
-0.99963779
-0.99920730
-0.99701570
-0.98129839
-0.88611603
-0.67802969
-0.60753114
-0.64884378
-0.59357303
-0.23559920
0.65114864
0.99117296
0.99996913
0.99999990
1.00000000
0.99999999
0.99999930
0.99987389
0.99168857
0.91618740
0.87554537
0.96250921
0.99496906
0.99859187
0.99692220
0.94297510
-0.23940973
-0.96876840
-0.99712895
-0.99904334
-0.99930564
-0.99936558
-0.99939970
-0.99927549
-0.99836504
-0.99117997
-0.89935685
0.07903513
0.96401048
0.99966584
0.99999665
0.99999972
0.99999918
0.99995905
0.99551006
0.85218673
0.56082093
0.90757719
0.99945595
0.99999985
1.00000000
1.00000000
1.00000000
1.00000000
0.99999999
0.99997217
0.99507696
0.98449919
0.99766281
0.99979468
0.99986287
0.99856122
0.94131883
0.09620304
-0.74929406
-0.92859181
-0.97881259
-0.99483647
-0.99877172
-0.99961008
-0.99980819
-0.99986366
-0.99987989
-0.99988351
-0.99988249
-0.99987984
-0.99987754
-0.99987710
-0.99987858
-0.99988078
-0.99988246
-0.99988315
-0.99988292
-0.99988180
-0.99987972
-0.99987674
-0.99987289
-0.99986737
-0.99985799
-0.99984285
-0.99982457
-0.99981215
-0.99981366
-0.99982612
-0.99983905
-0.99984429
-0.99983693
-0.99980862
-0.99973076
-0.99950514
-0.99883834
-0.99736989
-0.99627837
-0.99728260
-0.99858165
-0.99890476
-0.99688398
-0.91901727
0.87929145
0.99990171
0.99999948
0.99999966
0.99997100
0.98264073
-0.26846750
-0.94647912
-0.98547263
-0.98926218
-0.97950051
-0.87389254
0.08815328
0.89835306
0.97013901
0.95665122
0.93176861
0.98067913
0.99941900
0.99999621
0.99999999
1.00000000
1.00000000
1.00000000
1.00000000
1.00000000
1.00000000
0.99999997
0.99984962
0.93442539
-0.48193421
-0.97755604
-0.99815767
-0.99960630
-0.99981416
-0.99985968
-0.99986984
-0.99987099
-0.99986955
-0.99986627
-0.99986131
-0.99985459
-0.99984201
-0.99980853
-0.99971660
-0.99949098
-0.99908854
-0.99876826
-0.99877807
-0.99861298
-0.99617892
-0.95541832
-0.00859100
0.95591497
0.99417631
0.98687765
0.73585674
-0.74181616
-0.98520608
-0.99743319
-0.99897794
-0.99945287
-0.99968726
-0.99980113
-0.99984926
-0.99986732
-0.99987399
-0.99987782
-0.99988137
-0.99988443
-0.99988630
-0.99988688
-0.99988654
-0.99988558
-0.99988314
-0.99987527
-0.99984885
-0.99974627
-0.99911500
-0.98839825
-0.37122438
0.98691259
0.99995301
0.99999812
0.99999720
0.99995570
0.99964154
0.99986892
0.99999785
0.99999999
1.00000000
1.00000000
0.99999981
0.99991084
0.99339687
0.99080075
0.99981137
0.99999977
1.00000000
1.00000000
1.00000000
0.99999563
0.98058218
-0.64300665
-0.98668371
-0.99721030
-0.99790263
-0.99561539
-0.98148833
-0.90961060
-0.69763902
-0.43060989
-0.36397441
-0.56043674
-0.75924387
-0.73302215
0.18020099
0.99262887
0.99999814
1.00000000
1.00000000
1.00000000
1.00000000
1.00000000
1.00000000
1.00000000
1.00000000
1.00000000
0.99999968
0.99968680
0.68600921
-0.95624878
-0.99843446
-0.99970023
-0.99984524
-0.99987509
-0.99988231
-0.99988474
-0.99988642
-0.99988748
-0.99988737
-0.99988472
-0.99987506
-0.99984559
-0.99976394
-0.99956160
-0.99920129
-0.99896012
-0.99915761
-0.99945941
-0.99951968
-0.99882792
-0.98612384
-0.43006633
0.94262770
0.99633766
0.99447711
0.86261511
-0.69607961
-0.99015025
-0.99884832
-0.99954211
-0.99960463
-0.99942996
-0.99860384
-0.99276675
-0.90125845
0.38174581
0.99208160
0.99996812
0.99999995
1.00000000
1.00000000
1.00000000
1.00000000
1.00000000
1.00000000
1.00000000
1.00000000
0.99999976
0.99835472
0.44045934
-0.77344980
-0.82086206
-0.44524854
0.38917950
0.78175170
0.80405786
0.41800573
-0.63764258
-0.96554826
-0.99441934
-0.99772198
-0.99823797
-0.99838670
-0.99875470
-0.99922206
-0.99950563
-0.99955274
-0.99919826
-0.99608031
-0.93669494
0.20924494
0.97649641
0.99863166
0.99934065
0.99729326
0.95971496
0.50433840
-0.20294568
0.10749034
0.89659910
0.99718896
0.99989992
0.99999291
0.99999956
0.99999999
1.00000000
1.00000000
1.00000000
0.99999998
0.99991044
0.87022704
-0.86357349
-0.99462459
-0.99907299
-0.99944534
-0.99899063
-0.99542082
-0.97090079
-0.90095852
-0.91140829
-0.97860318
-0.99703217
-0.99943186
-0.99978675
-0.99986170
-0.99988052
-0.99988504
-0.99988595
-0.99988594
-0.99988562
-0.99988532
-0.99988509
-0.99988459
-0.99988321
-0.99988093
-0.99987888
-0.99987857
-0.99988034
-0.99988296
-0.99988492
-0.99988563
-0.99988542
-0.99988494
-0.99988475
-0.99988509
-0.99988590
-0.99988684
-0.99988752
-0.99988779
-0.99988783
-0.99988791
-0.99988825
-0.99988891
-0.99988966
-0.99989008
-0.99988977
-0.99988878
-0.99988758
-0.99988678
-0.99988661
-0.99988680
-0.99988688
-0.99988659
-0.99988598
-0.99988533
-0.99988483
-0.99988429
-0.99988272
-0.99987631
-0.99985037
-0.99974086
-0.99911610
-0.99299977
-0.91416790
-0.46607916
-0.09618020
-0.33372565
-0.75092379
-0.94163481
-0.98908134
-0.99792242
-0.99944584
-0.99975389
-0.99983259
-0.99985549
-0.99986211
-0.99986287
-0.99986001
-0.99985342
-0.99984236
-0.99982618
-0.99980663
-0.99979089
-0.99978899
-0.99980365
-0.99982648
-0.99984737
-0.99986180
-0.99986975
-0.99987235
-0.99986944
-0.99985679
-0.99982033
-0.99971944
-0.99944001
-0.99864864
-0.99564049
-0.96135282
0.32972899
0.99958026
0.99999996
1.00000000
1.00000000
1.00000000
0.99999997
0.99999988
0.99999993
0.99999993
0.99999966
0.99999761
0.99999631
0.99999923
0.99999992
0.99999998
0.99999999
0.99999999
0.99999999
0.99999993
0.99999412
0.99767540
0.37736698
-0.96241853
-0.99830084
-0.99968165
-0.99984204
-0.99986468
-0.99984556
-0.99978054
-0.99954867
-0.99818111
-0.98388309
-0.82514478
-0.32289643
-0.23861757
-0.54803538
-0.59029735
0.14432603
0.92408094
0.99154231
0.98711694
0.71707173
-0.86199161
-0.99636201
-0.99960362
-0.99985225
-0.99989371
-0.99990228
-0.99990467
-0.99990650
-0.99990821
-0.99990920
-0.99990881
-0.99990669
-0.99990332
-0.99990007
-0.99989821
-0.99989759
-0.99989698
-0.99989556
-0.99989227
-0.99988040
-0.99983319
-0.99962603
-0.99838805
-0.98878403
-0.93536312
-0.85930322
-0.91167208
-0.97892792
-0.99621731
-0.99898188
-0.99932962
-0.99844703
-0.98458155
-0.58760662
0.83242840
0.98673360
0.99344897
0.98453422
0.93079261
0.69829390
0.06074190
-0.65923620
-0.93509761
-0.98853901
-0.99691273
-0.99760876
-0.99013815
-0.76191812
0.85828068
0.99812907
0.99985269
0.99977916
0.99434013
0.49871530
-0.93687224
-0.99697878
-0.99926846
-0.99942551
-0.99923462
-0.99893668
-0.99861419
-0.99771620
-0.99321301
-0.96532754
-0.82164120
-0.49867253
-0.33468663
-0.56820875
-0.88853893
-0.98486635
-0.99737451
-0.99864169
-0.99659347
-0.96388703
-0.48726877
0.49780919
0.68820494
0.48927915
0.13460427
0.10170059
0.58411549
0.95123027
0.99752415
0.99976959
0.99982089
0.99802525
0.90200245
-0.32219087
-0.89287014
-0.95889658
-0.97736466
-0.98810735
-0.99236077
-0.99141375
-0.98620041
-0.98431935
-0.99215573
-0.99782192
-0.99937305
-0.99972223
-0.99981488
-0.99984800
-0.99986590
-0.99987734
-0.99988354
-0.99988577
-0.99988593
-0.99988529
-0.99988426
-0.99988287
-0.99988147
-0.99988083
-0.99988137
-0.99988272
-0.99988405
-0.99988471
-0.99988429
-0.99988140
-0.99987116
-0.99983976
-0.99974309
-0.99936861
-0.99679274
-0.94795027
0.29202266
0.99104290
0.99965812
0.99956297
0.98197950
-0.19994984
-0.97940317
-0.99752776
