0.07409071
0.23172479
0.28893826
0.07423345
0.01656323
0.22804414
-0.08749004
0.12189753
0.23060921
0.02311353
0.01139507
0.12187248
0.24699116
0.08243726
0.12551805
0.04886282
0.16396906
0.06059223
0.06648728
0.14616628
-0.15939611
0.16123952
0.16894926
0.27494606
0.32736351
0.34752866
0.28218746
0.16168525
0.16223588
-0.15160512
-0.17874118
-0.24806005
-0.03693198
-0.16857275
-0.18563445
-0.21603147
-0.32972644
-0.13815190
-0.24808784
-0.08390631
-0.17650125
0.07105353
-0.16126478
-0.07384263
-0.01927880
-0.02768364
0.06812512
0.02129304
0.02923797
0.11094160
0.02273588
0.00006842
0.13594020
0.16613610
-0.00247256
0.14962587
0.16431453
0.28283021
0.08426767
0.29748674
-0.60344671
-0.43340477
-0.01586197
0.06480257
0.23560506
0.42297747
0.30666648
0.17757558
0.19472944
0.22309469
0.19864432
0.19364611
0.16567711
0.28691496
0.19998121
0.18574630
0.07474648
0.25154579
0.32218465
0.35902951
0.36061593
0.24852702
0.26903424
0.36668884
0.25514288
0.20659462
0.17507871
0.16776827
-0.01699644
0.03146009
-0.15475768
0.00271075
0.13427794
0.24374762
0.21388452
0.21094708
0.28611729
0.32108728
0.10739024
0.13019515
-0.05941077
-0.02321508
-0.03768245
-0.07445798
0.24309992
0.06762605
0.08577165
0.13553921
-0.04918860
0.20166578
0.01428504
-0.78570069
-0.35792353
-0.26643756
-0.43005000
-0.10103974
0.00082457
0.14028603
-0.16224836
0.03747169
-0.06722181
0.01689257
-0.01147554
0.19845502
0.10268787
0.25286113
0.35069693
0.27955594
0.28743523
-0.08557645
-0.33454023
-0.25461905
-0.42514086
-0.21138639
-0.46646604
-0.15174926
0.14293440
0.18898459
0.26309267
0.36847324
0.22577803
0.07052204
0.01613301
-0.09300341
-0.20917228
-0.35598869
-0.14345642
0.07727525
0.00592393
-0.00593743
-0.03428567
-0.15053035
-0.25566917
-0.18765558
-0.11813879
-0.10923398
-0.10850027
-0.27445385
-0.33885248
-0.30310293
-0.05510868
-0.13121418
-0.24546078
-0.11772514
0.04437896
0.00012113
-0.00992034
-0.25587491
-0.24776406
-0.12058984
-0.26699226
0.03957829
-0.00419380
-0.06685880
-0.11950155
-0.03850397
0.06637781
-0.03364000
0.10031826
-0.06684801
0.09592295
0.20081136
0.15370716
0.09774738
0.20860814
0.06636382
0.26618233
0.19870418
-0.08301080
0.04013988
-0.20694353
-0.09317127
-0.03048334
-0.04621358
0.06844167
0.02455732
0.03709863
0.08598245
0.38542122
0.27026331
0.18308387
0.19829039
0.14096450
0.04410366
0.18010723
0.26697688
0.39706301
0.01730028
-0.16336006
0.05289043
0.07346545
0.14620335
-0.05013608
-0.63232814
-0.43854947
-0.21867872
-0.68969968
-0.46059208
-0.52609182
-0.53490638
-0.30915395
0.30145037
0.61791284
0.62034812
0.18899049
0.09674050
0.21667275
0.05398025
0.14480815
0.15945948
0.28980652
0.06418662
0.06924501
0.15278767
0.03927067
-0.07893987
-0.18888970
-0.00921511
-0.02273451
0.08564575
0.07075957
0.11273698
0.11157335
0.00830278
0.08950427
0.31004134
0.31444620
0.16208850
0.20671455
0.02278932
0.01613000
0.22715487
0.08053369
0.11763891
0.08606929
0.26825106
0.09114340
0.07657357
0.06059291
0.11879008
-0.16890186
-0.03917579
-0.21274261
-0.58137349
-0.51633039
-0.68605110
-0.39875609
-0.13621469
0.00230175
-0.03068719
-0.03300595
-0.22455347
-0.17072794
0.01291764
-0.02584050
0.32716461
0.40076327
0.32381498
0.31351490
0.32228030
0.22536464
0.08778248
0.06063844
0.07953671
0.20644249
0.28042012
0.31370385
0.12477061
0.07940246
0.10205551
0.23575042
0.21222280
0.27015526
0.30151697
0.27652375
0.23135134
0.07581629
0.14493458
0.20268485
0.13428787
0.00961814
-0.01123953
0.05762691
0.03356143
-0.03257827
0.22722708
0.01583850
-0.03586290
0.03412589
0.02253435
0.18792722
0.02609405
0.08282014
0.07581748
0.11369675
0.23133821
0.16049482
0.10102577
0.10776175
0.07045681
0.12858337
0.17588201
0.03918298
0.09235444
0.15357094
0.15152199
0.04179167
0.10214554
0.00716021
-0.08606954
-0.09512630
-0.16717877
-0.22091517
-0.12581965
-0.24619324
-0.05363542
0.01798876
-0.12195511
-0.04622974
0.02243684
0.10557115
0.02589898
0.08023724
0.14268227
0.07082408
0.09740294
0.11605297
0.14295972
0.13710511
0.13895847
0.22890922
0.19785256
0.22591868
0.31641274
0.20049059
0.30448124
0.25164270
0.21948678
0.20521492
0.23673591
0.27529758
0.31080270
0.22687897
0.24714754
0.29998534
0.21720547
0.20758449
0.32601257
0.25857925
0.22251456
0.18807148
0.20003557
0.26761046
0.33831486
0.24620644
0.39459986
0.08828183
0.28038151
0.12938853
-0.19785426
-0.08835352
0.12951170
0.17165194
0.16058824
-0.48391203
-0.32733577
-0.13846471
-0.16722750
-0.09984779
0.02184223
-0.08866169
-0.07733186
-0.06467686
-0.07030457
-0.14525061
-0.12861616
-0.29243016
-0.19605825
-0.28439678
-0.10449962
-0.13939365
-0.34071393
-0.27129367
-0.10271784
0.22466767
0.28607832
0.14520838
0.23647671
0.34059456
0.35649117
0.35912755
0.29999254
0.25743588
0.24974061
-0.12565786
-0.22095938
-0.18797748
-0.28660882
-0.25837535
-0.22418649
-0.27416414
-0.32878118
-0.23561577
-0.31245735
-0.31638066
-0.22635617
-0.34496850
-0.24801081
-0.30434431
-0.07757795
-0.21176201
0.13637792
0.04680664
0.11624709
0.04740521
0.13987803
0.10193154
0.38393644
0.27235193
0.10792457
0.08978515
0.12841541
0.10004764
0.06143247
0.16640498
0.09326347
0.12275148
0.03338092
0.08660224
0.18829960
0.16052427
0.17973905
0.18000305
0.20242634
0.11360588
0.21609550
0.15620695
0.14435453
0.22623248
0.17606493
0.21035337
0.11566631
0.24966151
0.13137280
0.35612078
0.21700286
0.26992569
0.07349029
0.19469974
0.27686328
0.35007243
0.16646417
0.32928216
0.42345143
0.26399756
0.02326608
0.31222444
0.22411160
0.18131886
0.36414035
0.21958458
0.27958342
0.16193410
0.33674628
0.43166880
0.45571293
0.47227677
0.43192163
0.29736173
0.25323642
0.16725846
0.26790675
0.37030840
0.23487428
0.32358092
0.29405331
0.30075485
0.57309566
0.33577060
0.60189408
0.44347791
0.53214242
0.49639005
0.61304885
0.47049104
0.75537205
0.71783698
0.87460436
0.95482739
1.00000000
0.49943052
0.45021167
