-0.11906824
-0.13350626
-0.13368162
-0.12182585
-0.12152976
-0.15261880
-0.14313072
-0.15032413
-0.12493899
-0.12244613
-0.10742443
-0.14979769
-0.11118747
-0.15549316
-0.16738570
-0.14620963
-0.10893458
-0.07855408
-0.07845855
-0.04563739
-0.07930163
-0.07365037
-0.08863356
-0.09379984
-0.12085881
-0.16656068
-0.16551241
-0.16853469
-0.09738441
0.03698634
0.06815570
0.05703745
0.05696293
0.06343594
-0.00728562
0.00845580
0.14464141
0.14193197
0.20735423
0.17338227
0.07124379
0.08402291
0.06794746
0.08185161
0.14207675
0.11759782
0.07010327
0.12293306
0.02681603
0.02128358
0.03520951
0.05058560
0.05709270
0.02378269
0.04383576
0.05196421
0.03272601
0.05594386
0.11806765
0.23512314
0.97448251
1.00000000
0.78607679
0.64651510
0.61588846
0.57124397
0.49423369
0.45239894
0.39072272
0.49891231
0.42689119
0.49815659
0.44120296
0.46266087
0.40736639
0.46181150
0.41964975
0.42682493
0.41187687
0.42879663
0.42128031
0.36448239
0.38726708
0.43755362
0.43000772
0.40630931
0.41621040
0.46132963
0.46594829
0.45879939
0.40988447
0.45765368
0.52337775
0.44689824
0.33197776
0.32037392
0.38608628
0.40323657
0.47345463
0.53935489
0.47893841
0.45638598
0.44451977
0.39663316
0.37065839
0.35346741
0.31065755
0.36946318
0.29939827
0.33410576
0.42872870
0.88025784
0.54932936
0.35384771
0.38204045
0.22103838
0.24079289
0.41379797
0.30042843
0.19146605
0.24405398
0.20063150
0.28817304
0.27950991
0.25157784
0.37079732
0.37999933
0.41377353
0.41647243
0.43494316
0.56425693
0.49503005
0.30248334
0.62014036
0.51103200
0.47107990
0.56146031
0.47715051
0.59489095
0.58708503
0.61810666
0.53902910
0.62119125
0.52849618
0.57831431
0.53766861
0.47014047
0.54130907
0.57636108
0.57542402
0.61851146
0.53359999
0.35950390
0.42022510
0.29515862
0.35993490
0.31748979
0.21108744
0.29015861
0.27339426
0.31436850
0.32044523
0.34423846
0.32196680
0.37921473
0.22438072
0.16467675
0.04845589
-0.05243716
-0.06649293
-0.06676164
-0.03047559
0.06756598
0.06166323
-0.00219334
-0.00090503
0.00547349
-0.04801175
-0.11930187
-0.13219622
-0.06871729
-0.07046632
-0.06993044
-0.02559929
-0.07097636
-0.00569935
-0.05833200
0.12031186
0.28267674
0.34730285
0.23276282
0.19251886
0.16051025
0.08058255
-0.01610128
-0.02940595
0.06274369
-0.06939264
-0.18043300
-0.16361649
-0.23346745
-0.23595231
-0.18230756
-0.19071312
-0.20380890
-0.28809659
-0.28317187
-0.10150074
-0.12612148
-0.11588467
-0.13261018
-0.15845266
0.00578714
0.54100771
0.67285011
0.69022908
0.66587152
0.63082919
0.45576564
0.54822046
0.66412303
0.74488975
0.72470681
0.61116444
0.51059333
0.39980630
0.43627032
0.39653221
0.40575333
0.43913152
0.39443204
0.44004358
0.35697762
0.37817217
0.44102371
0.37752423
0.40069218
0.42887147
0.44736786
0.46754338
0.53645231
0.49242406
0.45181927
0.46132841
0.51374322
0.53338113
0.47121445
0.52615190
0.59911691
0.43958547
0.48264089
0.52246216
0.52265448
0.56023589
0.59498268
0.56986898
0.56857489
0.56819834
0.51248386
0.50615695
0.43622780
0.60126487
0.55051828
0.63692623
0.57239760
0.77305708
0.59770505
0.38060660
0.17634994
0.26756961
0.24447047
0.24032824
0.19439682
0.15898460
0.31258619
0.10294561
-0.07657209
-0.09605698
-0.11844487
-0.09168183
-0.08805071
-0.09390465
-0.03930109
-0.04489261
-0.03819669
-0.04262304
-0.06646275
-0.05343618
-0.06631188
-0.03669885
-0.05356938
-0.00112181
-0.01008813
-0.02299668
-0.03432871
-0.08316996
-0.09615570
-0.11249385
-0.11035304
-0.06663025
-0.04191497
-0.07071035
-0.04624901
-0.09477876
-0.04945509
-0.11123820
-0.08316223
-0.03051291
-0.03941120
-0.01520700
-0.05968118
-0.06347259
-0.09200112
-0.10490913
-0.07258562
-0.08690359
-0.12755298
-0.14058043
-0.06008979
-0.09459619
-0.10190213
-0.08658730
-0.09112141
-0.08708128
-0.08877765
-0.05575116
-0.02770809
0.05015995
0.06373033
0.03873445
0.03788638
0.05483470
0.06063988
0.04179822
0.03443041
-0.00235104
0.00579161
0.05440069
0.00337008
-0.00897847
-0.06553097
-0.07237722
-0.05619232
-0.05731774
-0.05731926
-0.09473601
-0.09322868
-0.11093759
-0.09062545
-0.08934472
-0.08388333
-0.12191922
-0.12964311
-0.23855327
-0.18581286
-0.18217910
-0.13589197
-0.13005682
-0.13170745
-0.12469768
-0.11157311
-0.13143720
-0.10985100
-0.12514152
-0.12813429
-0.13241032
-0.15223509
-0.20404598
-0.15613248
-0.12321909
-0.16195374
-0.12217617
-0.14681268
-0.15121239
-0.14369840
-0.15508182
-0.03377151
-0.09818868
0.02269226
0.11398885
0.12691164
0.11540478
0.04619508
0.12162797
0.26173380
0.27969487
0.28662159
0.36854857
0.40879524
0.35683267
0.34722498
0.32986560
0.38277097
0.37560256
0.32464025
0.27802986
0.21518650
0.38389260
0.45583011
0.44470265
0.50091174
0.44726085
0.45480189
0.16211263
-0.06208426
-0.08029588
-0.01839854
-0.01733546
-0.03839514
-0.00944060
0.04840950
0.10977192
0.10753676
0.02692760
0.33044701
0.40877738
0.47160067
0.39809288
0.24840662
0.32691120
0.33543600
0.40011945
0.40447822
0.32409914
0.34199619
0.34685409
0.36176678
0.45849484
0.47322794
0.46643207
0.56721115
0.61526783
0.66615985
0.50508874
0.57341617
0.56973506
0.42391234
0.23797071
0.14059960
0.13307075
0.06678013
0.14230879
0.09241718
0.01157574
-0.02304988
-0.05195377
-0.13963172
-0.10734677
-0.18042083
-0.15448548
-0.16776153
-0.17507207
-0.17918446
-0.14801102
-0.17938645
-0.16460986
-0.15345609
-0.14259833
-0.14252807
-0.14589224
-0.18314268
-0.18773905
-0.21145836
-0.13590494
-0.20177677
-0.18839487
-0.16827817
-0.17391366
-0.17518086
-0.11837084
-0.13053932
-0.03366717
0.41988192
0.53920038
0.41024002
0.45126725
0.42782936
0.45828632
0.46026151
0.48140677
0.41419438
0.42958215
0.37632631
0.44383893
0.41933308
0.39137675
0.36973611
0.40749965
0.32426624
0.33657288
0.33876364
0.25843021
0.39362353
0.33939239
0.38974780
0.31735174
0.34114759
0.39691398
0.38784975
0.39097329
0.36162862
0.39710031
0.44358405
0.38981133
0.37686375
0.39144903
0.33012203
0.43710093
0.38782677
0.33356130
0.41264879
0.38415226
