0.08886851
0.03314831
0.00474983
0.04930402
0.04669980
0.05887644
0.04816017
0.03069196
0.03086767
0.06365344
0.01461997
0.04065381
0.05496423
0.04670239
0.07487856
0.06311548
0.09361775
0.07450684
0.09197694
0.04578464
0.05678230
0.06272178
0.08969527
0.09541579
0.12770496
0.10669353
0.08011259
0.12030014
0.08779568
0.14234812
0.06793242
0.10343193
0.11475108
0.27777038
0.38058810
0.39383060
0.53743817
0.28286847
0.25734108
0.26225008
0.34582984
0.33375420
0.28673985
0.29143210
0.25406550
0.31870103
0.27698676
0.22993224
0.38375237
0.27952649
0.25296906
0.25298945
0.24302383
0.33261220
0.49890849
0.35984328
0.39987748
0.33439896
0.42295807
0.53638858
0.83355224
0.13026000
-0.02982068
-0.05269977
-0.12217202
-0.12905937
-0.09045092
-0.08888307
-0.09583279
-0.10488360
-0.06680196
-0.02884497
-0.03564910
-0.01089815
-0.04102201
-0.01414837
-0.00364347
-0.02988951
-0.05137662
-0.05794693
-0.04505234
-0.02966528
0.00409054
0.00086290
-0.02333888
-0.03264968
-0.00278250
0.00615456
0.02987825
0.11939943
0.20353771
0.06605648
0.13114781
0.03727106
0.07490699
0.05167391
0.03495678
0.03776858
0.07414855
0.07514881
0.22429542
0.14359649
0.18111452
0.36872110
0.28016137
0.33643305
0.23551874
0.43657991
0.35508803
0.40460739
0.50269493
1.00000000
0.33938408
-0.00115978
0.03475913
-0.04386768
-0.02530612
-0.06416481
-0.01779145
-0.03057123
-0.03239216
-0.05354974
-0.05696177
-0.05872668
-0.05788913
-0.06522142
-0.07936872
-0.06976104
-0.09639900
0.00823703
0.09421045
0.15253768
0.62130154
0.12967274
0.05848606
0.03801239
-0.08922629
-0.11934623
-0.15798614
-0.13718329
-0.11714431
-0.05123465
-0.08787520
-0.01109268
-0.08084013
0.00625677
-0.01301813
-0.07788632
-0.02121361
-0.03773184
0.05643360
0.07960902
0.12152111
0.18350338
0.33667395
0.16576107
0.13796586
0.02203905
0.06961051
0.10329155
-0.00418073
-0.02146854
0.02784529
0.06203723
0.05846252
0.17294530
0.24388630
0.36775050
0.40766902
0.31363886
0.31604405
0.23654998
0.19519295
0.12571242
0.23638742
0.19252278
0.18227847
0.21717995
0.26030518
0.28258654
0.24452417
0.20364795
0.28217250
0.15612975
0.22179240
0.21028179
0.29024232
0.20084625
0.04143904
0.04660767
0.10218102
0.15281861
0.18416756
0.21741222
0.28097249
0.28579572
0.24216913
0.37233130
0.35794533
0.24249422
0.28322157
0.25226706
0.20945351
0.17387871
0.17887385
0.25477479
0.36280139
0.34893746
0.37396098
0.20466741
0.21136213
0.28220364
0.33785624
0.16599429
0.02802866
-0.00593667
-0.00581637
-0.07258319
-0.03338494
-0.10590374
-0.14196873
-0.23646306
-0.28537028
-0.19077889
-0.14539797
-0.11146681
-0.08887031
-0.06596644
-0.02123440
-0.03164689
-0.05416815
-0.07815266
0.01352992
0.05607727
-0.02254786
0.17021926
0.20976237
0.00421227
-0.01396372
-0.02886126
-0.04036164
-0.00399892
-0.02525389
-0.05652228
-0.07408906
-0.02315208
-0.09910011
-0.07903050
-0.09465590
-0.10900284
-0.11818549
-0.08410974
-0.11360262
-0.11064272
-0.08140358
-0.14669795
-0.13353937
-0.11902900
-0.12020053
-0.06426771
-0.08987158
-0.13580333
-0.12728574
-0.04587700
-0.03035434
0.08683646
0.04343379
0.33932115
0.49175141
0.31827117
0.30518026
0.32148347
0.23802178
0.20751395
0.29151349
0.50902431
0.30060139
0.29456576
0.30240386
0.20988410
0.22583532
0.21115291
0.18848112
0.09672026
0.13187620
0.17687242
0.14445106
0.12010822
0.08722329
0.10138694
0.06708050
0.10210252
0.09150597
0.09004670
0.11840116
0.11851162
0.10490159
0.10006224
0.11418626
0.08106898
0.06925521
0.06545483
0.03443011
0.07597663
0.08135609
0.06103549
0.06652437
0.03724521
0.05930267
0.06168823
0.06632349
0.10009141
0.04231139
0.08390409
0.06496048
0.07553156
0.05894611
0.08656103
0.05360720
0.08797529
0.09488018
0.07636230
0.03953873
0.07479933
0.10541472
0.11194285
0.11885912
0.07226725
0.05106363
0.03539694
0.02209318
0.02517051
0.02686088
0.01588123
0.06809872
0.12104267
0.00725977
0.02991028
0.02918854
0.09832383
0.08568948
0.07862220
0.05268349
0.05500834
0.04578549
0.05457217
0.05022512
0.08616230
0.06332488
0.07797976
0.08262683
0.06659550
0.08589834
0.11997467
0.04660707
0.07342636
0.10192603
0.08269045
0.06769376
0.08829099
0.07700692
0.10121984
0.07623724
0.08139035
0.07184279
0.08516725
0.05607281
0.07316051
0.07905738
0.08687278
0.12248655
0.13842833
0.17769207
0.15532790
0.15420128
0.16599001
0.16586656
0.24403994
0.25574479
0.14904783
0.12270418
0.16275678
0.24606269
0.20114664
0.09075834
0.00594333
-0.06057579
-0.00530193
0.01787035
0.06451874
0.11589896
0.04325162
0.01720138
-0.04022688
-0.03679627
0.01696814
-0.02090229
-0.06724690
-0.00523525
-0.06741571
-0.03198463
0.07051165
0.20401822
0.24278634
0.32391990
0.33412462
0.22550960
0.26815704
0.26937408
0.27058470
0.24099813
0.20967906
0.24229713
0.27724092
0.05474167
-0.04538243
-0.04195441
-0.01356772
-0.00407181
0.00224979
0.00770597
-0.00505018
-0.01508958
0.01079849
0.11078741
0.15120394
0.24535667
0.13287940
0.03643859
-0.06051677
-0.02901960
-0.12347797
-0.07542744
-0.05992263
-0.04576962
-0.02976620
0.10632941
0.23291003
0.17823091
0.25010979
0.14768132
0.17103549
0.14986840
0.22383900
0.18215496
0.19259052
0.12246419
0.19009324
0.14101838
0.15720961
0.14172460
0.12983831
0.10553117
0.13746691
0.15097963
0.11873957
0.11287463
0.18335098
0.11864796
0.14659751
0.14502292
0.16995044
0.19457181
0.14969642
0.23848286
0.16560231
0.20835358
0.21315821
0.20477208
0.22071107
0.26954157
0.37418595
0.10462923
-0.03621659
-0.05044562
-0.00278728
-0.05138468
-0.09698972
-0.08007647
-0.11601592
-0.10404441
-0.08726680
-0.11983493
-0.12977124
-0.13150155
-0.09405278
-0.10131761
-0.12453889
-0.05336738
-0.04801089
-0.07017616
-0.07503161
-0.06290188
-0.05746587
-0.01432116
-0.05927306
-0.05737988
-0.04986130
-0.00527935
-0.10565897
-0.06784953
-0.04470841
-0.06000598
-0.07062656
-0.00835659
-0.05999832
-0.07130028
-0.08853206
-0.04998529
-0.06193973
-0.03529482
-0.03919982
