-0.01017888
-0.00763287
-0.00681565
-0.00135740
-0.01178936
-0.01377744
-0.00486056
-0.00411563
-0.01396020
-0.01539930
-0.00720621
-0.01067085
-0.03480439
-0.00653908
-0.01336267
-0.01437173
-0.01656130
-0.01355682
-0.01914170
-0.04192757
-0.02243757
-0.03869420
-0.02262877
-0.03089016
-0.02373827
-0.01763313
-0.02952718
-0.02758476
-0.02717595
-0.04517187
-0.04658083
-0.04475354
-0.03915366
-0.08754545
-0.07215934
-0.05417297
0.00767506
-0.00579150
-0.06610859
-0.05675590
-0.06005111
-0.05920216
-0.05255857
-0.03188173
-0.05421687
-0.07716881
-0.07134190
-0.06390157
-0.08334134
-0.07109299
-0.06741110
-0.08179544
-0.08713379
-0.08602224
-0.10508823
-0.11753669
-0.14171221
-0.11774859
-0.13828583
-0.22305953
-1.00000000
-0.62179883
-0.36053740
-0.31255332
-0.23827754
-0.18242343
-0.16362105
-0.14165402
-0.12171735
-0.14935117
-0.13640290
-0.14545921
-0.13649256
-0.11439817
-0.08742681
-0.10071958
-0.09617556
-0.06761676
-0.05462677
-0.05968001
-0.04670694
-0.03149666
-0.01907691
-0.00589461
-0.00288293
0.01979210
0.01596787
0.03172151
0.01804141
0.03291697
0.03304049
0.05684680
0.09887853
0.09851734
0.07957350
0.08398673
0.13568430
0.13475510
0.20196603
0.20048247
0.18315167
0.17463491
0.18718797
0.23472490
0.20613856
0.22194862
0.19912446
0.28446179
0.23669492
0.27804177
0.35329603
0.75695668
0.18200452
0.08971518
0.10409799
0.06237098
0.06600991
0.11681077
0.08856527
0.05179454
0.07258514
0.05271725
0.08328391
0.08217583
0.07548005
0.11577532
0.11635748
0.13506361
0.12343790
0.11606690
0.16305620
0.15376325
0.15345724
0.16781630
0.11397735
0.09043504
0.11680419
0.11449105
0.12104498
0.12116495
0.13741440
0.12840144
0.14022124
0.11500635
0.11947869
0.10484444
0.09622808
0.10047283
0.11988484
0.10166706
0.13344255
0.10019838
0.03929071
0.03784365
0.05552194
0.05590991
0.04353477
0.03132304
0.05373882
0.07299204
0.06420647
0.03928034
0.04089714
0.05948422
0.06207081
0.05463747
0.03954426
0.01403896
0.02845951
0.02601711
0.01696173
0.03330322
0.04846502
0.01545290
0.01883342
0.03219742
0.02213102
0.00876030
0.02095877
0.01560319
0.01998734
0.01734582
0.02391333
-0.00680294
0.00626456
0.02170498
-0.04728171
-0.04249072
-0.01777936
-0.02292101
-0.00225595
-0.00673854
-0.04360773
-0.02240053
-0.01447251
-0.02877050
-0.02565409
-0.05395885
-0.00977573
-0.00894625
-0.00557016
0.00316849
0.00339245
0.00274729
0.00092557
-0.00346182
-0.01554488
-0.00304056
-0.02486044
-0.00347450
-0.00132353
-0.03464163
-0.03488106
-0.02232980
-0.06598039
-0.08018625
-0.07087330
-0.05063211
-0.04690467
-0.01798803
0.00341856
0.00414781
0.02139968
-0.00165838
0.02151269
-0.00960735
0.01988902
-0.00300400
-0.00964764
-0.01597391
-0.00650029
0.00137703
-0.03373941
-0.03628766
-0.02590409
-0.04765170
-0.03363600
-0.01808915
-0.02428677
-0.00390508
-0.01108200
-0.00616707
-0.02788583
-0.01954936
-0.01859231
-0.04164871
-0.02802221
-0.00541705
0.01178924
-0.00333476
-0.02188478
-0.00788052
-0.02641774
-0.01014961
0.01494741
-0.02922031
-0.01721822
0.01094166
-0.03382817
-0.00510143
0.00553832
-0.01290536
-0.01798858
-0.03760240
-0.02666654
-0.05453309
-0.04004417
-0.05847771
-0.00147318
-0.00432829
-0.00287195
-0.00350239
-0.02298794
-0.01076767
0.03215509
-0.02402137
-0.00642619
0.00759448
-0.01171282
0.00260753
-0.00531435
-0.00886587
0.03525483
0.00458093
-0.01749466
0.01110067
-0.00073689
0.00044050
0.00095644
0.00669228
0.00864130
-0.01001212
0.01430959
-0.01706212
-0.00870014
-0.00533415
-0.00796924
-0.01757392
-0.00136709
0.00593196
-0.00427872
0.00721977
-0.00578873
-0.02098908
-0.00905625
-0.00229234
-0.01391694
0.00142984
-0.01367737
0.00018160
-0.00642971
-0.00877045
0.00294186
-0.02159586
-0.02665342
-0.02487696
0.00297488
0.00613462
0.01116089
-0.00542296
-0.01626429
-0.02796527
0.00310277
-0.01875231
-0.01767833
-0.02024438
-0.01209827
-0.03308862
-0.03625047
-0.00557446
-0.02741067
-0.00997841
-0.01763882
-0.01123860
-0.01819474
-0.01279569
-0.01318964
-0.00864993
0.00207937
-0.01478776
-0.00503879
-0.00585286
-0.00580347
-0.00906532
-0.00281978
0.00408355
-0.00286653
0.00704781
-0.00872139
-0.01221761
-0.01139911
0.00115447
-0.00971474
-0.01234838
-0.00486140
-0.00702002
0.00106516
-0.01385537
0.00342231
0.00329563
-0.01060560
-0.00567734
-0.00556017
0.00474832
0.01055375
0.01240518
-0.00239414
0.00788359
0.01200137
0.01302540
-0.00728560
0.00190095
-0.00364690
-0.00505531
-0.00805556
-0.01097523
0.00381950
0.00981610
-0.01009275
-0.00238086
-0.00980434
-0.01840513
-0.03617522
-0.03059894
-0.01622722
0.00039440
-0.00884556
-0.01759616
-0.03077772
-0.05455721
-0.03838480
-0.02072319
-0.02840164
-0.02537058
-0.02638847
-0.03442771
-0.01184999
-0.02905938
-0.02941586
-0.02906914
-0.05826569
-0.05288955
-0.08402766
-0.02564865
-0.03076249
-0.04700227
-0.03944085
-0.02516654
-0.01963762
-0.01832657
-0.04129218
-0.03571710
-0.00704259
-0.00934274
-0.02877526
-0.02640170
-0.06288550
-0.04343509
-0.02206183
-0.04172642
-0.03093424
-0.03366087
-0.03495501
-0.04532559
-0.02951100
-0.05766300
-0.04594096
-0.06227917
-0.03262828
-0.01340580
-0.04268621
-0.02132035
-0.03503235
-0.05056822
-0.04399457
-0.04750435
-0.04685932
-0.03131621
-0.02493568
-0.00557184
-0.02010607
-0.00104685
-0.00977898
-0.00556307
-0.01115179
-0.01059475
-0.00061108
-0.00036763
-0.01632964
0.00332470
0.00224346
-0.00351293
-0.00452720
0.01549614
-0.00716171
0.00653147
0.00131741
-0.00204935
-0.00125773
-0.00349149
-0.00032052
0.01050981
-0.00030786
0.00105432
-0.00678891
-0.00769915
0.00577543
0.00863771
0.00279237
-0.01300826
-0.03158654
-0.07617733
-0.02079248
-0.04721335
-0.03492931
-0.04871005
-0.03000686
-0.03853688
-0.01994236
-0.05252626
-0.03410835
-0.03150750
-0.01537117
-0.02293616
-0.02758390
-0.02208845
-0.00325287
-0.01938569
-0.02063838
-0.02885337
-0.01200299
-0.00465530
-0.04064158
-0.00101009
-0.05575770
0.00920133
-0.01893644
0.01855085
-0.00303801
0.00645889
0.02287161
0.03148651
0.02042593
0.03614110
0.02556292
0.04279316
0.03292596
0.02569011
0.03579796
0.05481609
0.07477374
0.02815577
