-0.02050283
-0.02129830
-0.01892225
-0.02623279
-0.03899279
-0.02496703
-0.02794166
-0.02502622
-0.01830958
0.00115129
-0.01036093
-0.01504576
-0.00415305
-0.03311588
-0.01490160
-0.01027334
-0.01385379
-0.03544954
-0.03001305
-0.00571665
-0.02309214
-0.01593527
-0.02258311
-0.02175961
-0.03024947
-0.04611897
-0.01767660
-0.03173655
-0.01871540
0.02292030
-0.02126850
-0.02254583
-0.03200891
0.02625875
-0.00890619
0.08427473
0.14515618
0.07487012
0.08997904
0.04847254
0.02386292
0.01509679
-0.01256928
0.00693366
0.00807630
-0.00960674
0.00148007
0.01475919
0.02523990
-0.00092762
-0.01209722
-0.01257168
-0.00503660
-0.01525423
0.07653255
-0.03884584
-0.02189193
-0.01170976
0.07380326
0.15589890
1.00000000
0.53061062
0.24384535
0.30580077
0.16240936
0.13472283
0.11160035
0.08662349
0.08012711
0.10307533
0.09660468
0.05720560
0.08418198
0.02712597
0.03289733
0.07189736
0.05729054
0.04924147
0.05194261
0.09218901
0.04858690
0.08424060
0.07513432
0.03529698
0.05164560
0.05349686
0.06278053
0.04676724
0.08095285
-0.00085888
-0.04781078
0.04954515
0.17095117
0.07957488
0.06611038
0.08840494
0.14540701
0.14383609
0.21764237
0.18419256
0.14962504
0.13009862
0.14704503
0.22596685
0.18045094
0.19483532
0.18965714
0.28173626
0.24261430
0.30460665
0.38261626
0.89670952
0.12448454
-0.01498026
-0.07806458
-0.01449715
-0.01393386
0.01962967
-0.01052864
0.00028414
-0.00700735
-0.00537158
0.01260787
0.01670867
0.01509751
0.06468134
0.06456594
0.11042993
0.09793864
0.10712491
0.10445853
0.13609294
-0.06691792
-0.00263081
0.04914195
-0.01217555
-0.01924774
0.00127121
-0.04454714
-0.04179448
-0.03490228
-0.04945127
-0.03822511
-0.08313955
-0.07761080
-0.07758643
-0.04135199
-0.07981528
-0.06003057
-0.06279640
-0.07943065
-0.09324629
-0.12163574
-0.06505104
-0.13096436
-0.14821594
-0.18347372
-0.11871379
-0.11531855
-0.11764942
-0.07627663
-0.12665627
-0.13950806
-0.12064272
-0.11721864
-0.11144757
-0.11690602
-0.25144098
-0.24007379
-0.17656428
-0.22190796
-0.12763819
-0.08516396
-0.08410301
-0.15466627
-0.11173013
-0.09653843
-0.10784707
-0.07855789
-0.06580357
-0.04278500
-0.05374854
-0.06839725
-0.04776500
-0.07201415
-0.05117273
-0.16623529
-0.20848483
-0.11028563
-0.07442185
-0.09238734
-0.09966371
-0.11353489
-0.12031096
-0.12208218
-0.14177247
-0.16749808
-0.20951369
-0.06735634
-0.03371166
-0.02014652
-0.03350375
0.01785769
-0.01028013
0.01991852
0.03737685
0.00104119
-0.01524009
-0.01850024
-0.03614176
0.01459636
-0.02354131
-0.05178507
-0.09948819
0.03562636
0.00497466
-0.00579368
-0.00292277
-0.01944541
0.00575289
-0.05024723
0.03717488
0.02968375
0.03294475
0.03478747
-0.00561728
-0.02182815
-0.00624917
-0.04345867
0.00198571
0.01036144
-0.01459931
-0.05169944
-0.02419809
-0.04830489
-0.07982435
-0.07569447
-0.04178826
-0.01981268
-0.02624930
-0.01709555
-0.03551938
-0.07932754
-0.06208983
-0.06580966
-0.06323640
-0.06796870
-0.06603948
-0.05199067
-0.09434968
-0.07721668
-0.09203045
-0.09148727
-0.07568445
-0.07475978
-0.09142624
-0.09913823
-0.09397592
-0.14030249
-0.10251918
-0.14559981
-0.18722349
-0.17168776
-0.31022677
-0.21106433
-0.31091854
-0.29628390
-0.30839530
-0.21398645
-0.22514314
-0.18636460
-0.17009430
-0.20957821
-0.16079036
-0.26950834
-0.20363826
-0.11714006
-0.03408895
-0.11078311
-0.08095485
-0.09904673
-0.07893779
-0.01635708
-0.05803575
-0.03082553
-0.05589731
-0.06951182
-0.06753155
-0.01717400
-0.00229505
-0.01296681
-0.01141810
-0.00973230
-0.02893106
-0.02574337
-0.02343928
-0.03662677
-0.02458982
-0.02911089
-0.01619741
-0.02491906
-0.04719391
-0.03008629
0.00147884
-0.00685436
0.00283205
-0.00438434
-0.00769258
0.00142246
0.00208178
-0.02300002
-0.00233097
0.00115066
0.00247944
0.00163336
0.00327088
-0.01611769
-0.01882526
-0.00879843
-0.00774374
-0.00797454
0.00233185
-0.01519779
-0.00897840
-0.00504777
-0.00130909
-0.03224615
-0.02244647
-0.03319844
-0.00710082
-0.01067528
-0.02818713
-0.00109655
-0.01754070
-0.04034475
-0.03651115
-0.03438623
-0.04697388
-0.04514340
-0.01690837
-0.00912332
-0.03931270
-0.01656172
-0.01537192
-0.01424866
-0.01507971
0.00181569
-0.01301359
-0.00595941
-0.01200424
-0.00837708
-0.01479287
-0.00968289
-0.02609920
0.00846259
-0.00237189
-0.03128766
-0.00370926
-0.01721180
-0.03396250
-0.02143987
-0.00169042
-0.01419443
-0.01460297
0.00677623
0.00127357
-0.00884884
0.00892189
-0.01376112
-0.00451357
-0.04473916
-0.04421969
-0.07283895
-0.05017735
-0.06588104
-0.04286392
-0.04455304
-0.07964429
-0.06267841
-0.08013011
-0.10694576
-0.10890341
-0.11278379
-0.11254499
-0.12237553
-0.12127084
-0.08588878
-0.12383689
-0.11425255
-0.13730086
-0.11841039
-0.11705336
-0.11310264
-0.11661886
-0.04055915
-0.08321013
-0.07567018
-0.14141405
-0.10491993
-0.13872432
-0.12857502
-0.14400024
-0.21442363
-0.07542266
-0.15933988
-0.10634966
-0.07405481
-0.08530704
-0.10813222
-0.08496833
-0.11313939
-0.07033096
-0.13966269
-0.08291191
-0.06119897
-0.09604306
-0.12859931
-0.10823446
-0.05256333
-0.08966821
-0.11226769
-0.10458119
-0.14366662
-0.09311437
-0.13361603
-0.15394592
-0.16871969
-0.13097026
-0.12153968
-0.12550512
-0.13718982
-0.13115573
-0.07053354
-0.10792117
-0.11439188
-0.10337422
-0.11370259
-0.07777301
-0.06232640
-0.06498797
-0.07607297
-0.05759957
-0.06232295
-0.04948142
-0.05285188
-0.03277741
-0.02640242
-0.03528137
0.00131306
-0.02211117
-0.01001548
0.00201039
-0.02611235
-0.02921348
-0.01129701
-0.01765174
-0.03146019
-0.02446824
-0.04141033
-0.03838699
-0.02284869
-0.00896703
-0.03055499
-0.01466725
-0.03998167
-0.02660444
-0.00871424
-0.04167223
-0.07023579
-0.06623364
-0.09256036
-0.09037890
-0.01715040
-0.10493925
-0.04432680
-0.09820969
-0.03443690
0.00173672
-0.07169657
-0.01837806
-0.01540286
-0.00570076
-0.00239832
0.02382715
0.00220611
-0.00416185
0.02644370
-0.00727577
0.02710455
0.02409999
-0.02304624
0.00575320
-0.01201888
0.00073772
0.01173661
-0.00645235
-0.03959238
-0.00218894
0.02320118
-0.01557880
-0.00800508
0.06594898
0.03374357
0.03560470
0.06090778
-0.01528706
-0.00426475
-0.00344703
-0.05136976
0.00037714
0.03195186
-0.02780389
