0.02601284
0.07825569
0.05532182
0.03701739
0.03479373
0.02084562
0.01446546
0.02543069
0.01255768
0.04751178
0.01387496
-0.00152553
0.01584889
0.03363699
0.00785632
0.04320314
0.01813731
0.02204136
-0.00825566
0.01062192
-0.02895666
0.00296075
0.02559053
0.02572546
0.00877928
0.00044263
0.00780409
-0.01000759
-0.01413801
0.03148508
0.00366843
-0.02126506
-0.01932449
0.03619073
-0.06351654
-0.02365771
0.01440969
0.04317597
-0.05916496
-0.06206852
-0.03923516
0.00643864
-0.03851829
-0.04015383
-0.03181136
-0.05818155
-0.01597784
-0.04356917
-0.07781364
-0.04748996
-0.05302612
-0.04788790
-0.04635135
-0.05258067
-0.04934182
-0.08348180
-0.09295241
-0.06360367
-0.03019660
-0.02115305
0.14045277
0.14937835
0.08039474
0.02362133
0.03303970
0.01640336
0.00727949
0.03079419
-0.01949937
0.02147050
-0.01704426
0.04503044
0.02237214
0.07099653
0.08597488
0.04466585
0.04709697
0.07508414
0.03130808
0.02184776
0.06800232
0.04001000
0.03164355
0.07146802
0.06383990
0.06669706
0.05945218
0.07266937
0.03515989
0.08086462
0.03611696
0.02969600
0.13516723
0.06952901
0.06639620
0.02883934
0.07741729
0.08263117
0.09991216
0.12988333
0.08408745
0.04612909
0.05406551
0.08949163
0.10102445
0.08018594
0.05465550
0.09963642
0.12985402
0.08804757
0.10928242
0.29949424
0.08266794
-0.03700906
-0.02922895
-0.04640931
-0.00024891
-0.03302463
-0.03922753
-0.01444133
-0.04880219
-0.04230598
-0.04932133
-0.06718258
-0.02072920
-0.01541797
-0.03745510
-0.05365283
-0.01832791
-0.06833175
-0.01632941
-0.05394845
-0.19961566
-0.09471048
-0.07696247
-0.07128483
-0.07480941
-0.07109192
-0.11505380
-0.11221935
-0.09418157
-0.03106132
-0.05107096
-0.09296539
-0.12531038
-0.09261737
-0.14192978
-0.07237091
-0.06923632
-0.08035686
-0.10208838
-0.15175881
-0.14389052
-0.06670523
-0.07925305
-0.10947278
-0.08627677
-0.05918493
-0.03885463
-0.10869549
-0.09867863
-0.03722202
-0.08008421
-0.08460492
-0.04712453
-0.09180139
-0.10278466
-0.07723862
-0.09728753
-0.05991918
-0.06716613
-0.08408797
-0.08187317
-0.05524301
-0.06823948
-0.04547248
-0.07597582
-0.08444808
-0.06296456
-0.08878065
-0.07638115
-0.05741565
-0.09188930
-0.06257616
-0.07082606
-0.07675769
-0.10551633
-0.11705617
-0.07530107
-0.07785929
-0.10874449
-0.12948700
-0.11171769
-0.11688655
-0.13456936
-0.16584658
-0.14438707
-0.19346128
-0.12986768
-0.11606056
-0.09505909
-0.10190179
-0.08656732
-0.10543436
-0.07172435
-0.09119769
-0.17344099
-0.21745209
-0.25387691
-0.19999702
-0.15416110
-0.17499503
-0.24677349
-0.51553421
-0.35303765
-0.36510219
-0.31984107
-0.27337384
-0.27725976
-0.41403933
-1.00000000
-0.66087691
-0.60766924
-0.48931851
-0.35131132
-0.34278544
-0.32402375
-0.34982699
-0.37957297
-0.28838708
-0.21750897
-0.24940934
-0.29247086
-0.19570767
-0.13814752
-0.19875197
-0.16097296
-0.05998663
-0.01556174
0.01584090
0.05410116
0.08692992
0.10563350
0.08283524
0.16448799
0.19458633
0.19997864
0.18495391
0.26196039
0.19661591
0.20960096
0.25839442
0.27208595
0.28872588
0.32738615
0.31785080
0.32173926
0.32101571
0.30168731
0.28388564
0.26355833
0.39917172
0.37396807
0.40594129
0.33060042
0.43285151
0.40734344
0.31750483
0.21801996
0.22781968
0.19524333
0.20188215
0.16166512
0.18102558
0.26700175
0.22719474
0.13041679
0.12450366
0.09956712
0.06935233
0.09986752
0.07411095
0.09299226
0.07199956
0.07857428
0.09029189
0.07568337
0.04594936
0.06741870
0.06097830
0.05524897
0.04800204
0.05668349
0.05289918
0.04213425
0.03658659
0.01265676
0.03699340
0.04447292
0.03537976
0.03204197
0.04205004
0.01534413
0.02036192
0.01708580
0.03894420
0.02275653
0.03332992
0.03217598
0.03069741
0.03770314
0.02589792
0.00733298
0.03324888
0.02961121
0.01099241
0.03111714
0.01391823
0.02398441
0.03000380
0.02223905
0.02345120
0.01577393
0.01202070
0.02098075
0.02058711
0.02506677
0.03275532
0.00817717
0.02598145
0.02106695
0.02322830
0.02374559
0.00825454
0.00124739
0.00597386
0.00251587
0.01303633
0.03368479
0.02804568
0.00962153
0.01439852
0.01598461
0.00262816
0.00770710
0.02361670
0.01597817
0.00895387
0.01560454
0.01464409
0.02766436
0.03597206
0.01494010
0.04078994
0.03379145
0.01657098
0.03851207
0.03387774
0.02388221
0.02026622
0.00778679
0.01644823
0.01428742
0.02223173
0.00350700
0.00467569
0.00414750
0.00397995
0.02932328
0.00737250
-0.00811225
-0.00537448
-0.00573337
0.00282917
0.00194333
-0.02144165
-0.02063724
-0.03313356
-0.08128796
-0.05715477
-0.02930322
-0.00733409
-0.05321549
-0.06576452
0.00049068
-0.01312896
-0.01258852
-0.02388907
-0.04271925
-0.00218058
-0.02215734
-0.03505431
-0.01136192
-0.01476870
-0.00717800
-0.01703836
-0.00700628
0.01464621
0.01893060
-0.00161742
-0.01605602
0.01866971
0.04171559
-0.12295211
-0.06071035
-0.05978523
-0.01817309
0.00961986
0.02009713
-0.00627344
0.01962798
0.00928246
0.00713723
-0.03911789
-0.05426078
0.02233979
0.09254408
0.06232187
0.04060401
0.04910934
0.05439570
0.05253075
0.04166370
0.01325288
0.03870101
0.02538545
0.04160323
0.07911019
0.10013986
0.10931260
0.06172899
0.13736835
0.22423622
0.08505531
0.16285802
0.11700317
0.09427704
0.09550571
0.01716421
0.01955412
0.00911711
0.01468478
-0.04543551
0.02657195
0.01889532
-0.03206879
-0.02010816
0.01025282
0.01647811
-0.00782072
0.00031856
-0.00396691
-0.00340301
0.00732355
-0.02620427
0.01822031
0.00565775
0.00081318
0.00584391
-0.01315328
-0.00042019
-0.00190502
0.00513796
-0.00544585
-0.02814099
-0.03585556
-0.02909502
-0.02754303
-0.01682598
-0.07165211
-0.07582765
-0.13314885
-0.14048466
-0.04496299
-0.08883370
-0.10681602
-0.09361339
-0.08203654
-0.02602819
-0.07196722
-0.07624828
-0.06225011
-0.04478674
-0.07429627
-0.09874357
-0.09960405
-0.08777555
-0.06844984
-0.06946701
-0.03613064
-0.00128207
-0.05741913
-0.02584896
-0.06460393
-0.01440518
-0.05009230
0.00074888
0.02522003
-0.01091665
-0.03798321
-0.04775768
-0.02492597
-0.01697386
0.04573971
0.01062430
0.02309243
0.03905388
0.06087464
0.03318922
0.09604469
0.05308373
0.03406403
