-0.07139897
-0.09653346
-0.11611564
-0.05271210
-0.11637096
-0.06602998
-0.10914709
-0.06101375
-0.07178631
-0.09850000
-0.06359215
-0.08879188
-0.10419315
-0.08163189
-0.02580347
-0.12513710
-0.03627642
-0.06489093
-0.06070783
-0.06202844
-0.01091399
0.02427134
-0.03615918
-0.11807366
-0.05563445
-0.00333223
-0.02394049
-0.10948699
-0.06908597
-0.01180988
-0.00082635
0.07597302
0.07939363
-0.12230925
-0.05756837
-0.00204677
0.09746018
0.11510678
0.20624911
0.00296527
-0.00140619
-0.07274809
-0.01125525
0.02079142
0.03080803
-0.05372897
-0.05677906
-0.16548851
-0.20768419
-0.17972722
-0.05351639
-0.07381355
-0.14512439
-0.09633912
-0.19912492
-0.12335644
-0.11505918
-0.19789844
-0.11260231
-0.12223673
-0.81243156
-0.18708773
-0.13466691
-0.13446037
0.01226955
-0.15704719
-0.20214515
-0.12514727
-0.05579275
-0.04957474
-0.06943478
-0.11886512
-0.06741892
-0.22191694
-0.07880874
-0.22307319
-0.17714430
-0.14339840
-0.11794144
-0.17031236
-0.08878775
0.02901304
-0.06483688
-0.05403962
-0.07022853
-0.09400982
-0.03739310
-0.09663919
-0.02181227
0.00518558
-0.14458891
-0.09202617
-0.08551297
-0.14720542
-0.02256112
0.00137598
0.00093733
-0.05591094
0.10552792
0.00065863
0.04746533
-0.07912136
0.03238871
0.08487655
0.08783949
-0.02372828
0.06148348
0.14476351
0.11024641
0.24190415
0.25988381
0.88414339
0.35303598
0.00975850
-0.09792984
-0.10176700
-0.08225962
-0.12619058
-0.05906731
-0.10463558
-0.15943021
-0.13304592
-0.13530024
-0.20529169
-0.15336808
-0.15640976
-0.25281679
-0.21253005
-0.28290603
-0.23168904
-0.25221386
-0.18879285
-0.36050966
-0.46376932
-0.26402139
-0.19410357
-0.37101877
-0.31093190
-0.53208703
-0.51602489
-0.51072575
-0.50847035
-0.52905676
-0.61046307
-0.55998398
-0.49333408
-0.40130393
-0.51803191
-0.57315188
-0.47651606
-0.51358140
-0.56659180
-0.46981990
-0.29934868
-0.55820923
-0.55628686
-0.37599448
-0.33444979
-0.46882388
-0.47760794
-0.36828856
-0.36906312
-0.27203448
-0.29263343
-0.37573735
-0.34945431
-0.30839399
-0.66475359
-1.00000000
-0.70657685
-0.95966688
-0.50609829
-0.35794397
-0.26091590
-0.47360975
-0.30642574
-0.24646819
-0.12224762
-0.04134769
0.04037797
0.07197562
0.15853872
0.29897628
0.20659155
0.35875715
0.41831194
0.66622588
0.73353447
0.63678961
0.62777212
0.66853628
0.62789526
0.65549567
0.64878753
0.66474091
0.69029775
0.79511552
0.92058690
0.52907050
0.36163695
0.32575771
0.36457051
0.23772989
0.23100823
0.17075778
0.24685143
0.32748804
0.33056174
0.24086529
0.27386366
0.22712562
0.29197771
0.33487836
0.63245640
0.70916632
0.85301803
0.84975529
0.71082589
0.50129498
0.33681094
-0.05883752
0.00641703
-0.07612817
-0.07843499
0.08795174
0.05024210
0.08464433
0.07484095
0.12632692
0.23844837
0.14179554
0.25822623
0.25004417
0.30822360
0.38456765
0.46251579
0.56724133
0.35938311
0.34972802
0.40299636
0.44826917
0.34156243
0.40158136
0.33527936
0.37500693
0.32255469
0.26449526
0.32417958
0.41267395
0.30661255
0.28104560
0.37339853
0.38178451
0.26243954
0.29245263
0.27148251
0.22676933
0.32576365
0.30321086
0.30232653
0.29667560
0.32089590
0.31230318
0.29019752
0.26244812
0.36217975
0.13355242
-0.07946718
0.02804131
0.12151788
0.09348605
-0.07606303
-0.04221291
-0.08312892
-0.12958266
-0.28534420
-0.01668409
0.02017552
-0.02424453
0.00556803
-0.07516644
0.01050216
0.02604845
0.06029609
0.03945314
0.09375010
0.05889246
0.02203283
0.00228375
0.10044837
-0.01274817
0.07715770
0.11506058
0.07701582
-0.00670883
-0.01649327
0.01202866
-0.00111306
-0.03138742
0.12731244
0.10284433
-0.07485590
0.02804236
-0.00779059
-0.00157654
-0.01642659
0.02418542
0.00258433
0.07863296
0.07307252
0.11446558
0.00688396
-0.01509816
-0.01629964
-0.05845353
-0.02895461
-0.01258342
-0.01763732
0.02234630
0.02477747
-0.00860814
-0.01964430
0.04970528
0.00266532
-0.07122848
-0.04760145
0.00388837
0.05431397
-0.02724025
0.00462152
-0.05722708
0.03711234
0.01207195
-0.00078008
-0.04541984
-0.07335167
0.05871140
-0.00942613
-0.03458425
-0.02685350
0.01499399
-0.06034684
0.04546602
0.04109813
-0.02756669
0.02203173
0.00266072
0.00373236
-0.01546567
-0.00464885
-0.03771149
0.05935238
-0.02349830
-0.02885456
-0.00801861
0.02310270
0.04742276
-0.00879554
-0.02031481
0.01389114
0.07600534
0.06312243
0.02136666
-0.02596902
0.07781679
-0.01714220
-0.03948043
-0.02910734
-0.02076124
0.01864271
-0.06454968
-0.02000857
-0.04613779
-0.04812465
-0.01500979
-0.02088141
0.02989868
-0.05316146
-0.02920844
0.02564915
-0.01001899
0.02609263
0.06624569
0.07623449
0.02623474
0.16835675
0.04749266
-0.04043673
0.10716918
0.05863112
0.02702057
0.06001553
-0.04592432
-0.11053490
-0.08916114
-0.03512392
-0.01444508
0.01073814
-0.18014327
-0.13554547
-0.13929963
-0.13992533
-0.04366955
-0.00667502
-0.22014342
-0.12105291
-0.21607617
-0.27450945
-0.18891281
-0.02112827
-0.19161893
-0.09108767
-0.18293605
0.03377151
-0.02755472
-0.02889814
0.05299406
-0.12847343
-0.12081235
-0.05850451
-0.22981927
-0.07121653
-0.02950429
-0.07673617
-0.00670641
0.00869427
-0.04611712
-0.05521352
0.02088781
-0.07541077
-0.12136240
0.15221004
-0.18565278
0.07362350
-0.05855496
-0.06307034
0.04190602
-0.23614996
-0.18736709
-0.12628789
-0.03504811
0.08608598
-0.05903622
-0.16147243
0.00867334
0.00411071
-0.00473206
-0.09482226
0.01229916
-0.03184277
-0.05490602
-0.04603800
-0.07888410
-0.07402138
-0.02672061
-0.03792439
-0.09488808
-0.02878659
-0.00777130
-0.00310570
-0.03765363
-0.01674470
-0.04108981
-0.05985248
-0.02310676
-0.03366524
-0.07139860
0.01476166
0.02691083
-0.03380386
0.12142725
0.13453825
-0.06304717
-0.04784824
0.03789738
0.01247111
0.06173785
0.05157146
0.09820686
-0.03740629
0.09098155
0.03720518
-0.03028955
0.00084574
-0.12478233
0.04029097
-0.01196012
0.02047213
-0.06216436
-0.06725282
0.05986911
0.01744836
0.02720256
-0.04402848
0.05343183
0.05490375
-0.09239030
0.08901403
0.08962760
0.10359239
-0.02801362
0.09304412
0.12834138
-0.01385477
0.10079931
0.03614172
0.09639032
0.04585954
0.11902243
0.06448220
0.21935577
0.03291361
