-0.03476491
-0.03648563
-0.03647729
-0.02629063
-0.07639603
-0.04413460
0.01128201
-0.05434220
-0.02591513
-0.05306609
-0.05963420
-0.07568370
-0.01393313
-0.07468150
-0.04270366
-0.03621034
-0.08224878
-0.08887813
-0.07961404
0.05701255
0.00291955
-0.05142062
-0.01493419
-0.06364408
-0.06480498
-0.05131306
-0.10565706
-0.04688339
-0.00530740
-0.02238982
0.05872083
-0.01189521
0.05638934
0.04368430
0.03200252
-0.00920206
-0.04091607
-0.01008264
0.07228604
0.00997167
-0.01727158
-0.04897861
-0.01243009
-0.02951780
0.03539307
0.00849433
-0.03196290
0.08473557
-0.06492472
-0.01047691
-0.03591392
-0.00076185
0.02694894
-0.10739125
-0.10312766
-0.07862905
-0.09233374
-0.03869427
-0.02498297
0.01483884
0.12031088
0.19933408
0.11063566
0.10163031
0.13105658
0.04867372
0.09996686
0.06905746
0.07626279
0.08126164
0.00613812
0.04281416
0.06791785
-0.00165287
0.02422936
0.07948365
0.07509283
0.04731178
0.06219474
0.06582867
0.05685520
0.04115918
0.06411796
0.04013437
0.11780595
0.02006584
0.09525238
0.05416838
0.07891775
-0.01576283
0.00753408
0.01542046
0.08075671
0.07561509
-0.01414384
0.00539169
0.05681412
0.13673767
0.09485343
0.13282657
0.04622073
0.00896526
0.02502464
0.04298779
-0.00099778
-0.01455564
-0.00224782
0.01297187
0.01885593
0.00076193
0.04736676
0.17300746
-0.09659373
-0.04826030
-0.12488506
-0.04797862
-0.03149622
-0.00189332
-0.04314098
-0.01985824
-0.01883096
-0.01548453
-0.01923050
-0.00903258
0.00731141
0.07789070
0.04241879
0.05581093
0.08546047
-0.00194371
-0.03067930
-0.06248328
-0.38808495
-0.07993684
-0.10394964
-0.01763856
0.00030682
0.00199594
0.00336878
-0.00250181
-0.02761931
-0.03679239
-0.01587984
-0.02370630
-0.00575726
-0.06458122
-0.05478059
-0.01950491
0.01061029
-0.02468384
-0.07688251
-0.17724852
-0.15413467
-0.14756790
-0.06145406
0.05544479
0.27343686
0.16374388
0.13582414
0.09141366
0.06564799
0.11865554
0.12649227
0.13425892
0.13948137
-0.02733092
0.00025402
0.70111558
0.89571094
0.49037048
1.00000000
0.34582402
0.32516507
0.31586898
0.78979209
0.50104590
0.34024244
0.28639001
0.27109232
0.23356620
0.16952594
0.20426921
0.33314360
0.22329486
0.28852472
0.31260489
0.80129846
0.90905658
0.41351848
0.37769652
0.32342867
0.35325098
0.42352387
0.60110438
0.43365153
0.34946970
0.71611085
0.89422670
0.13033179
0.00263966
-0.08967563
-0.01439344
-0.12500432
-0.14740018
-0.13417130
-0.21210005
-0.31571762
-0.35724596
-0.41325686
-0.30456106
-0.27550166
-0.33125657
-0.40360544
-0.41687988
-0.16342609
-0.15277261
-0.03669508
-0.00070186
-0.13417687
-0.17470609
-0.62190521
-0.26560896
-0.21388025
-0.17068775
-0.10528129
-0.13826118
-0.12027390
-0.12905309
-0.21414459
-0.13585260
-0.04296958
-0.07708124
-0.20224890
-0.09264639
-0.02605801
-0.14685391
-0.10286807
-0.03340207
-0.04164543
-0.01788599
-0.00267373
-0.05772240
-0.02716317
-0.03969079
-0.06390065
-0.04021390
-0.03492150
-0.01810632
0.04085150
-0.04148151
-0.00958398
-0.00424882
-0.01340693
0.01948416
-0.02748090
0.01870948
-0.01447384
-0.01859884
0.00203248
-0.00903047
-0.04492524
-0.08603141
-0.10931317
-0.32001087
-0.12012427
-0.19283746
-0.27276029
-0.42634530
-0.33129116
-0.18550202
-0.20371170
-0.15734277
-0.17994232
-0.20034062
-0.35170627
-0.32679279
-0.14414748
-0.19399011
-0.18481818
-0.06463587
-0.19738071
-0.16424489
-0.06487173
-0.06537337
-0.04703753
-0.07874062
-0.06170985
-0.08747026
-0.05921807
-0.01522060
-0.02556109
0.04051000
0.07526246
0.01674651
-0.02777487
-0.04518686
0.03134206
-0.05475792
-0.03511903
-0.06884974
-0.00879854
-0.02580468
0.00172278
-0.01533691
-0.03639326
-0.04509822
-0.01000577
-0.01502718
0.06880010
0.05997494
0.04582907
0.03914760
-0.02583570
-0.01969734
-0.00308798
-0.04129556
-0.04098710
-0.04075794
-0.00374558
-0.04269313
-0.04573186
-0.01949248
-0.07801747
-0.02585521
-0.01785074
-0.10359263
-0.00883163
-0.08023215
-0.00417448
0.01463770
0.00692988
0.00209705
-0.03094698
0.00506535
-0.04955416
-0.09266502
-0.04493905
-0.01828017
-0.05015358
-0.01098725
-0.05668921
-0.05973853
-0.05220127
-0.00971938
-0.01435742
-0.07084949
-0.05982710
-0.06909269
-0.06164049
-0.06701783
-0.03219482
-0.09349169
-0.06547826
-0.15911482
-0.07849093
-0.10159877
-0.06319328
-0.03202746
-0.02466953
-0.03635815
-0.05338184
-0.09926769
-0.03976056
-0.04932369
-0.04920577
-0.09386131
-0.03677696
-0.10886345
-0.06739189
-0.04995989
-0.01550239
-0.03611827
0.00228238
-0.04639905
-0.02625157
-0.10418665
-0.06857598
-0.05608263
-0.05870649
-0.01177543
-0.03417921
-0.02719277
-0.06638347
0.05817457
0.02199132
0.08423968
0.04215951
0.07741533
0.13169414
0.14162280
0.03390883
0.11166920
0.11800583
0.17090345
0.07806302
0.15054551
0.03923867
0.10382753
0.17074825
0.06006702
0.01983035
0.01913675
-0.08863315
-0.21354863
-0.12716900
-0.13042222
-0.14031014
-0.04053623
-0.11923702
-0.09367843
-0.05420946
0.00042266
-0.03559747
-0.16406014
-0.23986561
0.00539594
-0.02605920
0.02212386
-0.02625637
-0.03230859
-0.04445005
-0.03432484
-0.12362271
-0.09576543
-0.11457478
-0.18971601
-0.15657036
-0.06376687
-0.05170807
-0.06132416
-0.14400003
-0.02022707
-0.06736695
-0.02914707
-0.11503333
-0.11077194
-0.17884079
-0.16870370
-0.14940944
-0.18040232
-0.15348934
-0.20523671
-0.12778185
-0.23460909
-0.17679240
-0.14410838
-0.12262927
-0.16541895
-0.11445727
-0.10479077
-0.16090946
-0.05918055
-0.07011448
-0.11488065
-0.08217258
-0.14146390
-0.06937786
-0.13254052
-0.12679788
-0.04124100
-0.05217349
-0.02776003
-0.06203987
-0.07591823
-0.08364227
-0.10999376
-0.10462860
-0.15468907
-0.02199084
-0.11223284
-0.12213984
-0.12466536
0.08178208
0.18461113
0.03813731
0.04749569
0.07541977
0.10676051
0.03062150
0.01411616
0.05596522
0.10982508
0.06701003
0.07274508
0.04337054
0.09441363
0.05546185
0.03417904
0.04761091
0.06688013
0.00790260
-0.03365433
0.00809114
0.01958338
0.03384975
0.09640552
-0.00764521
0.04573428
0.11254231
-0.02849357
0.01097209
0.05069439
0.11759859
0.04285697
0.07621741
-0.00430105
0.05221495
0.12229462
0.17937645
0.11249728
0.03337989
0.06973975
