0.03747916
0.03932457
0.01123063
0.04412369
0.12165567
0.18852217
0.00427588
0.17368842
0.29360610
0.00027309
0.12601263
0.20721779
0.17677249
0.16873100
0.17767283
0.14091156
0.02105671
0.06887932
0.27632632
0.50410887
0.12672591
0.21064433
0.14287690
0.18793195
0.19090928
0.22871333
0.30497700
0.22698271
0.18390014
0.30353430
0.33836435
0.07658635
0.27391126
0.30475614
0.37100178
0.17242580
0.44308849
0.34725374
0.28393240
0.28096645
0.15525939
0.28880512
0.19281367
0.11750292
0.23473268
0.16709633
0.16589749
0.06581215
0.04109199
0.04990395
-0.01330105
-0.03480911
-0.06588886
-0.13891122
-0.43647891
-0.03037777
0.00090478
-0.04084952
-0.42414461
-0.69313722
-0.65059287
-0.03879913
0.06885184
0.15870213
0.28838924
0.15860813
0.14696638
0.13453307
0.14795520
0.02337844
0.03186307
0.08670833
0.06996622
-0.03435251
0.02427489
-0.04528679
0.07402165
0.05065096
0.04918851
-0.03115181
-0.03469301
-0.07080234
0.04611507
-0.04309639
-0.04105199
0.00504949
-0.11437270
-0.07771282
-0.10663303
-0.23393652
-0.22028701
-0.10816776
-0.10545915
-0.06525341
-0.03461457
-0.05498638
0.01084814
0.02853955
0.01849344
-0.07926880
-0.14067830
-0.02366118
0.00288995
-0.05051310
-0.04508461
-0.01806292
-0.01853528
0.09680593
0.11597475
0.17532377
0.21418430
0.61173656
0.15037142
-0.01900916
-0.05434133
-0.02241474
0.06716452
0.04600460
-0.07966747
0.03076471
-0.01879415
0.02125681
-0.02549192
0.09040668
-0.01633993
0.00338171
0.06999313
0.20150829
0.10823494
-0.07577110
-0.10538474
0.02781100
-0.25282372
0.03102878
-0.13838409
0.15428754
0.06662382
-0.01916522
0.12213754
-0.02820882
0.06924641
-0.03436578
0.01377769
-0.13418769
-0.12404765
-0.11454709
-0.09891273
-0.18617424
-0.08830624
-0.07431799
-0.31103209
-0.26386922
-0.48169046
-0.25936365
-0.38061930
-0.26015542
-0.05989260
-0.14551353
-0.12550079
-0.15477965
-0.09276200
-0.23190546
-0.18151748
-0.15879527
-0.32029691
-0.21279786
-0.19203798
-0.09125621
-0.09875161
-0.13833973
-0.19216464
-0.24582401
-0.13597139
-0.10194050
-0.09608048
-0.12366910
-0.12219781
-0.16873325
-0.16386311
-0.06429178
-0.16612689
-0.17355943
-0.13564156
-0.08778644
-0.10490226
-0.01228488
0.13585822
0.16156892
-0.00362351
0.09047450
0.00970098
0.00877806
0.00054588
-0.06143276
-0.06202237
0.00442251
0.00390318
0.16110298
-0.03806646
-0.11369819
-0.07830717
-0.14141802
-0.14246239
-0.13778554
-0.08251627
-0.15924681
-0.17442447
-0.17709789
-0.19401243
-0.29836145
-0.18979614
-0.20145983
-0.09305458
-0.26509038
-0.17613514
-0.28133543
-0.13473118
-0.17132089
-0.13238724
-0.00519520
0.11625487
0.13016114
0.10330993
0.16182527
0.05259823
-0.01725324
-0.05059686
0.00191883
-0.16891404
0.01695649
0.04796621
-0.02608655
-0.23179381
-0.07032943
-0.15850186
-0.24423711
-0.18977339
-0.25871174
-0.14499514
-0.06747078
-0.09905292
-0.11510562
-0.05260691
-0.11827744
-0.08385093
-0.16452393
-0.11970344
-0.08123472
-0.09863443
-0.16647228
-0.17630670
-0.18497433
-0.06859481
-0.06566161
-0.10641966
-0.05537168
-0.14267962
-0.10672430
-0.24990681
-0.11098132
-0.18174488
-0.22863762
-0.07812858
-0.27175011
-0.11827205
-0.15219349
-0.07543507
-0.20700270
-0.03263369
-0.03224640
-0.06706551
0.04623485
-0.08742864
-0.00643888
0.09521524
0.11833666
-0.00631404
-0.00530804
0.07178155
-0.00309762
-0.02658540
0.03601706
-0.00628516
-0.03038176
-0.07615188
-0.05408525
-0.04100299
-0.00143007
-0.00934934
-0.02998555
-0.04375769
0.06799733
0.02581571
-0.02455887
-0.01820591
0.01093916
-0.04471248
-0.07547394
-0.02570389
0.02302999
-0.08871557
-0.01951570
-0.00228796
-0.03281036
-0.05043148
-0.00948850
-0.01600790
0.01406674
-0.02471627
0.00591147
-0.03762715
-0.05252445
-0.07521290
-0.11712970
-0.03197273
-0.06501463
0.01710750
-0.01945950
0.01751742
-0.04757627
-0.08585243
-0.05304816
-0.05258325
-0.01414816
-0.12692158
-0.09585057
-0.03516393
-0.01737615
-0.03872437
-0.09220096
-0.05136602
-0.10778429
-0.05653689
-0.04264499
-0.09644998
0.00595098
-0.09306101
-0.04735642
-0.09176928
-0.04137946
-0.06498549
-0.01663587
0.00578761
-0.05373241
-0.03453059
-0.00562509
-0.04413038
-0.03599894
-0.01644395
-0.03611262
-0.07960175
0.00445199
-0.00772940
-0.00833510
0.02973774
-0.04389431
-0.00026665
-0.07463688
-0.01546214
-0.02461535
-0.00853497
0.01600409
0.05074348
0.00258425
0.00035514
0.05300453
-0.00029731
0.09733691
0.04950233
0.04425329
0.00135298
-0.02226757
-0.00095584
0.04504093
0.04683732
-0.00486546
-0.01154093
-0.06216579
-0.10458342
-0.07488693
0.00764671
0.01312921
0.05154627
0.14347091
0.02259617
-0.00583481
0.03589443
0.12036818
0.19326564
0.18846327
0.32599736
0.22788723
0.21004478
0.20447429
0.22836484
0.13628368
0.02657402
0.19641138
0.19680079
0.23306003
0.17597330
0.33908499
0.13859687
-0.16382944
-0.06007803
0.09877148
0.05070268
0.05644305
0.01570002
0.10750443
0.15160296
0.17998494
0.19060101
0.11593146
-0.13454045
0.05571100
0.14698731
0.14300946
0.08343738
0.12108129
0.14359393
0.16452242
0.18968641
0.10565707
0.15210188
0.20317299
0.17714720
0.32493155
0.18300607
0.18111248
0.38441479
0.36731882
0.30855497
0.28011975
0.28706539
0.40582685
0.27872051
0.20408153
0.20679240
0.26760929
0.12074309
0.21671343
0.17215558
0.21847821
0.17847845
0.18422409
0.12603836
0.14095561
0.09461819
0.09711404
0.13215942
0.06590163
0.09428337
0.04265863
0.10011356
0.03159604
0.10211488
0.10014311
0.09228033
0.09319985
0.06586187
0.05455895
0.10418998
0.05771369
0.17018194
0.08891227
0.06335080
0.18810487
0.15017988
0.14745526
0.22822639
0.16947996
0.66068556
1.00000000
0.46583168
0.54031924
0.35052875
0.42134406
0.43728916
0.37222193
0.37669946
0.34139217
0.35813099
0.34654362
0.31295717
0.29910912
0.24584282
0.19900723
0.17068063
0.03043727
0.05497370
0.05381955
0.03689463
-0.05286726
-0.07655068
-0.01002508
-0.03690681
-0.16938040
-0.12051318
-0.16430577
-0.19267590
-0.21645391
-0.26092287
-0.25650978
-0.26783882
-0.43904037
-0.35457985
-0.63795724
-0.75922837
-0.80999980
-0.41200150
-0.27674425
