-0.07756862
-0.05998952
-0.06566658
-0.08919763
-0.06749896
-0.09253026
-0.08467752
-0.05398087
-0.06042661
-0.12467343
-0.05418858
-0.08146933
-0.12855813
-0.12857123
-0.09299434
-0.09153867
-0.12997204
-0.09995149
-0.09231259
-0.08157982
-0.08688475
-0.07491044
-0.08410197
-0.12589988
-0.10238526
-0.09340643
-0.08004218
-0.13235002
-0.11815565
-0.03592195
-0.11023180
-0.09379210
-0.02267750
0.04741415
-0.00315254
0.26111653
1.00000000
0.60485946
0.32947292
0.35153224
0.31375531
0.27293724
0.25834528
0.39347938
0.28608116
0.27041131
0.24741917
0.27933118
0.38893900
0.22905967
0.15970703
0.16601726
0.17802041
0.35159104
0.72796710
0.10805035
0.10629991
0.16903359
0.59644073
0.75074385
-0.43951526
-0.37154787
-0.13920997
-0.10795686
-0.00647253
0.00413548
-0.00605378
0.00735149
0.00979734
-0.00179586
-0.03726712
-0.05011403
-0.01436888
-0.05852198
0.00495442
-0.03261562
-0.02123081
-0.01966520
-0.00382373
-0.03254588
0.01360971
-0.02257862
-0.03494610
-0.03651723
-0.02771932
0.02388553
-0.08928488
-0.07520179
-0.10796501
-0.11902297
-0.08018374
-0.10090838
-0.15621991
-0.10706229
-0.01073058
-0.03580210
-0.06586656
-0.06096037
-0.09397490
-0.15527873
-0.07266669
-0.06026643
-0.04184719
-0.01286770
0.05586829
0.07532970
0.06569275
0.04433807
0.02883279
0.08609085
0.04744899
-0.34448953
-0.14667288
-0.06738163
0.02080567
0.03477508
0.00256888
0.05255762
-0.01836928
0.00391488
0.00675971
0.05677612
0.04898347
0.03512598
0.07565291
0.07797082
0.05310326
0.06654917
0.00693771
0.00595997
-0.09609416
-0.06733448
0.06228979
-0.02619421
-0.09720465
-0.07488820
0.03079682
0.06797288
0.05626172
0.05356002
0.07544695
0.04085605
-0.04415992
-0.03538282
0.02651688
-0.06945179
-0.01000488
-0.02827280
-0.03083633
-0.04429482
-0.12113495
-0.05185062
-0.05707629
-0.08067311
-0.12773996
-0.09652400
-0.08201318
-0.01426364
0.01556933
-0.05799751
0.01032665
0.00184272
-0.03619530
-0.06759665
-0.04554627
-0.02944420
-0.04609495
-0.05643180
-0.06658436
0.01550853
0.03477164
-0.01614273
0.02427856
-0.03715616
-0.04242220
0.04072321
0.04835355
0.08224008
0.02216669
-0.02136915
-0.02644598
0.04498631
-0.00762136
0.03468978
0.06281484
0.00272649
-0.04685716
-0.10113460
-0.03088846
0.04327096
0.03574958
0.02691503
0.00672629
-0.05773394
-0.06320983
-0.01521958
-0.10184876
-0.12429468
0.02537697
-0.06299424
-0.01316814
-0.05416328
-0.06922775
-0.01275205
-0.07858265
-0.12382084
-0.11943334
-0.07876461
-0.00900755
-0.07295595
0.01700108
-0.07315827
-0.04168370
-0.11525678
-0.23490580
-0.10841615
-0.16738946
-0.18005912
-0.08158214
-0.08297434
0.07494506
0.07123054
0.09744386
0.11817946
0.02451261
-0.01610312
0.08463604
0.08959516
0.03971368
0.03973849
0.05430818
0.04512757
0.05266689
0.04794801
-0.02982765
0.04275348
-0.03042223
-0.01386580
0.04208294
-0.04079352
0.03680239
0.06203235
0.04365608
0.07570671
0.10076660
0.04223821
0.09370613
0.10175059
0.07349635
-0.00896781
0.04918380
0.05035846
0.13338681
0.12774285
0.11572295
0.04106855
0.05281466
0.08567856
0.07697783
0.09911151
0.01968414
0.09204831
0.07062016
0.12649490
0.09210293
-0.01294077
0.04834641
-0.05104317
0.05328132
0.01670437
0.04930672
0.00373658
0.06882138
0.12325805
0.17814448
-0.03826017
-0.04075505
-0.00955791
-0.15895215
-0.04043666
-0.09418099
-0.06871439
-0.07436540
-0.08211052
-0.05892665
-0.07314755
-0.00664466
-0.06484700
-0.08445557
-0.00868374
-0.00129989
0.00067361
-0.08577424
-0.03995921
-0.05021930
-0.04832351
-0.07255044
-0.07951137
-0.06201060
-0.15813568
-0.07502499
-0.05289798
-0.04428383
-0.14342283
-0.08147704
-0.08441037
-0.03509926
-0.10504225
-0.04691874
-0.11058972
-0.08161730
-0.13408035
-0.08711538
-0.07001562
-0.07321477
-0.09341244
-0.03939608
-0.10694237
-0.07135708
-0.05445307
-0.07783886
-0.08001537
-0.07507256
-0.08771664
-0.06794404
-0.11087267
-0.11282124
-0.09034491
-0.04261132
-0.07352955
-0.10121451
-0.05233277
-0.06790462
-0.07367993
-0.08118996
-0.09706716
-0.09821996
-0.02866397
-0.02023253
-0.09951271
-0.07967310
-0.04646592
-0.00740165
-0.02221399
-0.04991915
-0.07565460
-0.03097683
-0.09920364
-0.08648713
-0.06781226
-0.03589872
-0.11168605
-0.06790634
-0.10476767
-0.00432729
0.01887714
-0.03797276
0.00350786
-0.00194213
-0.00111889
0.00660502
0.02515039
-0.04383675
0.03078776
-0.02995073
0.00715471
-0.00237225
0.00404815
-0.03540276
-0.05223863
-0.01951006
-0.09206185
-0.06245511
-0.07230719
-0.06103851
-0.07839946
-0.09272799
-0.15065991
-0.16045427
-0.06643560
-0.08081177
-0.13184606
-0.13282531
-0.11366053
-0.12130434
-0.03194468
-0.02863973
-0.03824205
-0.02969776
-0.00458707
-0.08672133
-0.01677860
-0.04147228
-0.01359152
-0.03940617
-0.01361081
-0.04516322
-0.03223280
-0.06763190
-0.03305192
-0.02546837
-0.12628528
-0.19896400
-0.15692089
-0.13359937
-0.04714007
-0.05476052
-0.11710656
-0.09617754
-0.07421532
-0.05518614
-0.02526068
-0.10761204
-0.12277978
-0.20093151
-0.02384476
-0.00213780
-0.09672808
-0.00244664
0.01786257
-0.01337509
-0.05673125
-0.06599840
-0.02226404
-0.04410631
-0.07639941
-0.11883468
-0.11458722
-0.01246297
0.01576676
-0.08532681
0.01743442
-0.03710610
0.01912772
0.00341404
0.06750834
-0.11021964
0.02484405
-0.01531255
-0.01073020
-0.04291806
-0.06777495
-0.08495905
-0.05794889
-0.11796545
-0.04722938
-0.07197731
-0.10038569
-0.08614468
-0.10466780
-0.07743903
-0.10895390
-0.10755170
-0.04847991
-0.04938922
-0.08860993
0.01966500
-0.04024377
-0.05620521
-0.05495081
-0.03547079
-0.06235660
-0.10154229
-0.01379440
-0.06083065
-0.09102827
-0.09157713
-0.11400721
-0.12135034
-0.09549548
-0.06260243
-0.20169431
0.04597933
0.06524127
0.03273277
0.00300839
0.00949084
0.03563410
0.02373810
0.03947375
-0.01899221
0.06627317
-0.03197912
0.01497118
0.02238485
-0.00571895
-0.02018116
-0.02473423
0.00234225
0.09791877
0.06720803
-0.02991502
0.02700572
0.05894281
-0.01206918
-0.08136136
0.02906882
-0.02925106
-0.06927406
0.00201854
0.00760888
0.09563646
0.01872832
-0.00698809
0.04050276
0.06488200
-0.01396182
-0.04631135
0.05686370
-0.18415130
-0.09050417
0.00343537
