-0.47486877
-0.54618302
-0.63853722
-0.69048782
-0.67619888
-0.62684906
-0.60683957
-0.65640767
-0.75694546
-0.85676608
-0.92039279
-0.94561275
-0.94750908
-0.94183087
-0.93987398
-0.94696168
-0.96111679
-0.97614106
-0.98717599
-0.99325929
-0.99552577
-0.99461887
-0.99014174
-0.98238749
-0.97431255
-0.97056394
-0.97336707
-0.97896036
-0.97775696
-0.95551066
-0.89531717
-0.78562226
-0.63410333
-0.47543141
-0.36270066
-0.34416677
-0.43385470
-0.59577921
-0.76442603
-0.88890728
-0.95756963
-0.98644998
-0.99577866
-0.99805931
-0.99855978
-0.99886630
-0.99931785
-0.99979221
-1.00000000
-0.99975713
-0.99916910
-0.99859128
-0.99832530
-0.99834545
-0.99838287
-0.99825692
-0.99805265
-0.99791416
-0.99764387
-0.99589522
-0.98920874
-0.97163094
-0.93746657
-0.88858177
-0.84016246
-0.81307772
-0.81529418
-0.83542831
-0.85881679
-0.88287715
-0.91160518
-0.94303334
-0.96942938
-0.98583522
-0.99328087
-0.99533240
-0.99468953
-0.99247486
-0.98884339
-0.98302953
-0.97027906
-0.93603485
-0.85212009
-0.68967051
-0.45628980
-0.22562793
-0.09942994
-0.10949032
-0.16679064
-0.13017154
0.07031745
0.37249593
0.63316917
0.74690514
0.72007331
0.62699661
0.51834163
0.40295434
0.30174117
0.26264084
0.30148498
0.36027467
0.35331878
0.24019629
0.04193989
-0.18773509
-0.38968569
-0.51873241
-0.55980968
-0.52722797
-0.45047744
-0.36640487
-0.31799036
-0.33872229
-0.42331970
-0.52448919
-0.59615709
-0.63814413
-0.68545830
-0.75973863
-0.84676097
-0.91834021
-0.95982190
-0.97259515
-0.96226320
-0.93323954
-0.89445498
-0.86375233
-0.85939854
-0.88477296
-0.92505711
-0.96101843
-0.98326457
-0.99345244
-0.99705580
-0.99795071
-0.99769714
-0.99683273
-0.99582760
-0.99520691
-0.99524248
-0.99584368
-0.99670073
-0.99747522
-0.99791211
-0.99789469
-0.99742478
-0.99650935
-0.99509529
-0.99294490
-0.98927987
-0.98226064
-0.96959255
-0.95155313
-0.93415794
-0.92682868
-0.93415713
-0.95099942
-0.96763938
-0.97850973
-0.98447158
-0.98856830
-0.99210928
-0.99463721
-0.99575042
-0.99590327
-0.99587021
-0.99594671
-0.99574642
-0.99387301
-0.98664367
-0.96530342
-0.91516297
-0.82263493
-0.69188127
-0.55861546
-0.48043890
-0.49971284
-0.60817723
-0.75131060
-0.87076051
-0.94066257
-0.96801801
-0.97206101
-0.96898469
-0.96782462
-0.97084159
-0.97487990
-0.97449159
-0.96463874
-0.94176479
-0.90530690
-0.86085762
-0.81978381
-0.79014113
-0.76460754
-0.71630809
-0.61230384
-0.44303179
-0.24242647
-0.06980224
0.03168084
0.05340144
0.00667620
-0.09277152
-0.22526064
-0.36650996
-0.49824049
-0.61857183
-0.73306513
-0.83700973
-0.91650914
-0.96435590
-0.98647033
-0.99410502
-0.99586645
-0.99612907
-0.99643816
-0.99689633
-0.99718560
-0.99712263
-0.99686339
-0.99660843
-0.99632279
-0.99585167
-0.99514084
-0.99414683
-0.99153439
-0.98235543
-0.95605114
-0.90040041
-0.81603150
-0.73073053
-0.68785212
-0.70656864
-0.75562141
-0.77575428
-0.73077670
-0.64037226
-0.56713641
-0.56549434
-0.63507508
-0.72322400
-0.76525589
-0.71864236
-0.57894694
-0.39087541
-0.23869786
-0.19874108
-0.28851117
-0.46140150
-0.64545737
-0.78584843
-0.86048644
-0.86737444
-0.80626076
-0.67509218
-0.48352472
-0.26875468
-0.08850241
0.01305081
0.03275014
-0.00489725
-0.07402862
-0.14528211
-0.18398767
-0.17863785
-0.14926299
-0.10486934
-0.01667167
0.14479887
0.35692588
0.54329157
0.63018105
0.61060522
0.54308976
0.47764385
0.39993746
0.26674563
0.08659629
-0.06292688
-0.11262884
-0.08066908
-0.05214335
-0.08718032
-0.17218796
-0.25734199
-0.30984083
-0.32134014
-0.29761341
-0.27140420
-0.30308964
-0.42789617
-0.60803492
-0.76412533
-0.84782766
-0.86936542
-0.86613796
-0.86102888
-0.85081944
-0.82536949
-0.78744449
-0.75009579
-0.72269519
-0.70971322
-0.71849512
-0.75654129
-0.81878850
-0.88506372
-0.93382310
-0.95628220
-0.95791294
-0.95120315
-0.94740523
-0.94925022
-0.94688602
-0.91974014
-0.84546601
-0.71663913
-0.55726695
-0.41878030
-0.34998465
-0.36948594
-0.46407340
-0.60001743
-0.73367717
-0.82608441
-0.85857419
-0.83955888
-0.80091311
-0.78128870
-0.79963066
-0.84323572
-0.88639020
-0.91630851
-0.93678839
-0.95475143
-0.97132974
-0.98399072
-0.99136352
-0.99445219
-0.99532595
-0.99565901
-0.99619374
-0.99684140
-0.99722982
-0.99724067
-0.99709070
-0.99700192
-0.99694330
-0.99676755
-0.99652596
-0.99651760
-0.99698963
-0.99785597
-0.99867281
-0.99872791
-0.99607711
-0.98469525
-0.94982140
-0.86745193
-0.71799828
-0.51448825
-0.31965569
-0.21919206
-0.25879767
-0.40293047
-0.56134639
-0.65828300
-0.67574786
-0.64158430
-0.59005025
-0.53420031
-0.47147322
-0.41457362
-0.40086455
-0.45004337
-0.52178332
-0.54493848
-0.49180188
-0.40461506
-0.34484089
-0.33256228
-0.34275404
-0.34608725
-0.33977919
-0.34569814
-0.38434779
-0.44891417
-0.51038406
-0.55239734
-0.58846473
-0.63793730
-0.70002117
-0.76044492
-0.81029145
-0.85029255
-0.88509682
-0.91780294
-0.94657585
-0.96580252
-0.97128304
-0.96480245
-0.95435045
-0.94977212
-0.95587658
-0.96922452
-0.98247178
-0.99100943
-0.99486316
-0.99615871
-0.99657368
-0.99675602
-0.99669044
-0.99587285
-0.99333038
-0.98794293
-0.97788377
-0.95766777
-0.91426896
-0.83008661
-0.70092635
-0.55827509
-0.46294068
-0.45570413
-0.51216124
-0.56132262
-0.54763736
-0.45807435
-0.30027473
-0.09188075
0.12263292
0.27809018
0.32643059
0.25793370
0.09853112
-0.09628114
-0.25628476
-0.32579656
-0.29239796
-0.20171749
-0.14021823
-0.18018540
-0.32975470
-0.53526724
-0.72616945
-0.85745485
-0.92351240
-0.94548372
-0.94923985
-0.94992494
-0.94746337
-0.93045119
-0.88190739
-0.78708448
-0.63772232
-0.43225376
-0.18801073
0.03246030
0.13416564
0.06810767
-0.11569483
-0.31735754
-0.46443968
-0.52111119
-0.45700978
-0.24306753
0.11598396
0.54338386
0.89003158
1.00000000
0.83592882
0.48005007
0.09887720
-0.17840826
-0.29727360
-0.27244673
-0.17459130
-0.09927636
-0.11408248
-0.21907936
-0.35936778
-0.48056142
-0.57213620
-0.65682369
-0.75001309
-0.84206478
-0.91443869
-0.95948381
-0.98220910
-0.99188155
-0.99538980
-0.99633568
-0.99630361
-0.99608491
-0.99607299
-0.99626395
-0.99644484
-0.99647817
-0.99638984
-0.99620961
-0.99588034
-0.99535198
-0.99460442
-0.99347789
-0.99143569
-0.98768922
-0.98207386
-0.97612204
-0.97268884
-0.97372057
-0.97845366
-0.98407565
-0.98777791
-0.98752198
-0.98103737
-0.96433122
-0.93293099
-0.88850759
-0.84584792
-0.82719384
-0.84277900
-0.87962923
-0.91188378
-0.91530295
-0.86650724
-0.74375181
-0.55442976
-0.36572182
-0.27675549
-0.33287560
-0.48087376
-0.62659939
-0.71913596
-0.76457325
-0.78084309
-0.76437666
-0.69498879
-0.56158711
-0.38787477
-0.23526747
-0.15818401
-0.14728204
-0.13990575
-0.09253813
-0.00130919
0.16338722
0.47082439
0.91249598
1.00000000
1.00000000
1.00000000
0.63921056
0.12771538
-0.23650346
-0.44173309
-0.56480424
-0.67728472
-0.79383292
-0.89119194
-0.95191622
-0.98021094
-0.98994706
-0.99215823
-0.99186808
-0.99058466
-0.98878971
-0.98662412
-0.98279856
-0.97353930
-0.95414354
-0.92471723
-0.89513662
-0.87971097
-0.88073992
-0.87657506
-0.82725521
-0.69292914
-0.46003011
-0.17383675
0.05275771
0.09898000
-0.06424013
-0.34325041
-0.60360627
-0.77231067
-0.85892119
-0.90545732
-0.93916292
-0.96527171
-0.98178456
-0.98968984
-0.99274383
-0.99414119
-0.99530471
-0.99638752
-0.99706356
-0.99715643
-0.99688011
-0.99660857
-0.99625428
-0.99450033
-0.98744615
-0.96681509
-0.91874724
-0.82828863
-0.69099625
-0.52387420
-0.36503941
-0.25922168
-0.23015952
-0.24704267
-0.22468047
-0.08519791
0.16822192
0.44121737
0.60170045
0.55224026
0.29466176
-0.04984007
-0.30550531
-0.34344173
-0.13747188
0.22660173
0.56569736
0.67817495
0.48369574
0.08852024
-0.31595641
-0.60500827
-0.76602197
-0.83830469
-0.85042709
-0.81254970
-0.74026367
-0.66288845
-0.60775561
-0.58643963
-0.59859117
-0.63413785
-0.66480433
-0.64345552
-0.52160862
-0.27388137
0.08687917
0.50172188
0.86069420
1.00000000
0.95522122
0.71459001
0.49469228
0.41618519
0.43427972
0.40218406
0.21861746
-0.09362515
-0.43059588
-0.69890228
-0.86564396
-0.94854119
-0.98179659
-0.99268506
-0.99592657
-0.99730476
-0.99842801
-0.99925619
-0.99939972
-0.99815894
-0.99380294
-0.98274398
-0.96097109
-0.92935788
-0.89859979
-0.88478416
-0.89521151
-0.91792629
-0.92466503
-0.88052934
-0.75622982
-0.55261179
-0.32849581
-0.18772293
-0.20734311
-0.37187636
-0.59031137
-0.77336621
-0.88469503
-0.93282407
-0.93904187
-0.91728577
-0.86916092
-0.78594430
-0.65620115
-0.47734775
-0.25892374
-0.01092919
0.27302077
0.62089461
1.00000000
1.00000000
1.00000000
1.00000000
1.00000000
1.00000000
0.83861422
0.30895884
-0.13977110
-0.45391581
-0.61065618
-0.63584483
-0.59246523
-0.54143452
-0.51554078
-0.52645078
-0.57835550
-0.66343416
-0.75725897
-0.83308100
-0.87977942
-0.90239171
-0.91235854
-0.92042436
-0.93146813
-0.94121381
-0.93738067
-0.90344171
-0.82125093
-0.67809371
-0.48285860
-0.27957945
-0.13503435
-0.09866210
-0.17130246
-0.30991968
-0.45056484
-0.52689932
-0.49379410
-0.35568107
-0.16824972
0.00392261
0.14225897
0.28777384
0.48899231
0.71784395
0.84690575
0.74891473
0.42493801
0.00494135
-0.37085890
-0.63986131
-0.80725549
-0.89887014
-0.93606640
-0.93197004
-0.89576075
-0.84160913
-0.79518226
-0.78457481
-0.81876170
-0.87884652
-0.93560159
-0.97243388
-0.99008869
-0.99660840
-0.99851324
-0.99890686
-0.99886959
-0.99872676
-0.99866401
-0.99877851
-0.99901642
-0.99912767
-0.99886640
-0.99830209
-0.99783386
-0.99778367
-0.99802800
-0.99813163
-0.99779674
-0.99710299
-0.99637772
-0.99595323
-0.99603121
-0.99661321
-0.99745796
-0.99819564
-0.99860006
-0.99874518
-0.99887866
-0.99918202
-0.99964964
-1.00000000
-1.00000000
-1.00000000
-0.99978653
-0.99927072
-0.99894947
-0.99893961
-0.99914598
-0.99933868
-0.99928170
-0.99885603
-0.99813655
-0.99734432
-0.99668500
-0.99615686
-0.99543719
-0.99318863
-0.98558678
-0.96487935
-0.92138221
-0.85244513
-0.77158684
-0.70344799
-0.66658336
-0.66649549
-0.70293468
-0.77012445
-0.84963774
-0.91720070
-0.95973566
-0.98019224
-0.98811697
-0.99068843
-0.99113574
-0.99057999
-0.98951031
-0.98815581
-0.98629647
-0.98366193
-0.98077338
-0.97914657
-0.98013263
-0.98357435
-0.98794166
-0.99166708
-0.99401944
-0.99487691
-0.99381275
-0.98914437
-0.97741896
-0.95439744
-0.91890459
-0.87378137
-0.81374002
-0.70145230
-0.46685109
-0.07169909
0.39683507
0.73451781
0.78800150
0.61345991
0.41810680
0.34771619
0.37177397
0.36883693
0.27891073
0.15826051
0.10485102
0.15288418
0.25075258
0.33353400
0.38982799
0.43620264
0.44667822
0.35549342
0.13443884
-0.16868300
-0.47100388
-0.71011705
-0.86473384
-0.94560661
-0.97744315
-0.98361195
-0.97875877
-0.96670390
-0.93964048
-0.88383360
-0.79719641
-0.70689847
-0.65768975
-0.66909626
-0.70836337
-0.71777622
-0.67122816
-0.60339175
-0.58124945
-0.64159245
-0.75858286
-0.87494522
-0.95333234
-0.99210961
-1.00000000
-1.00000000
-1.00000000
-1.00000000
-1.00000000
-1.00000000
-1.00000000
-1.00000000
-1.00000000
-1.00000000
-1.00000000
-1.00000000
-1.00000000
-1.00000000
-1.00000000
-1.00000000
-1.00000000
-1.00000000
-1.00000000
-1.00000000
-1.00000000
-1.00000000
-1.00000000
-1.00000000
-1.00000000
-1.00000000
-1.00000000
-1.00000000
-1.00000000
-1.00000000
-1.00000000
-1.00000000
-1.00000000
-1.00000000
-1.00000000
-1.00000000
-1.00000000
-1.00000000
-1.00000000
-1.00000000
-1.00000000
-1.00000000
-1.00000000
-1.00000000
-1.00000000
-1.00000000
-1.00000000
-1.00000000
-0.99642627
-0.98854121
-0.98407443
-0.98492626
-0.98925412
-0.99273930
-0.98996243
-0.97353228
-0.93506503
-0.87297983
-0.80182990
-0.74873230
-0.73455733
-0.75965609
-0.80844491
-0.86115554
-0.89844499
-0.90147762
-0.85293197
-0.74097795
-0.57156283
-0.38350574
-0.23881348
-0.17973206
-0.19852288
-0.26046556
-0.34617650
-0.45712485
-0.59004253
-0.72369249
-0.82978585
-0.88676312
-0.87836768
-0.78791594
-0.60938101
-0.37186176
-0.14596706
-0.01595356
-0.03682827
-0.20283292
-0.44630122
-0.67649372
-0.83228718
-0.90362650
-0.91496295
-0.89964222
-0.88258703
-0.86909811
-0.84370947
-0.78851850
-0.70733182
-0.62897428
-0.58606335
-0.59534382
-0.65449523
-0.74542959
-0.83822652
-0.90077732
-0.90836300
-0.84835059
-0.72970281
-0.59393880
-0.49932353
-0.47565244
-0.50061094
-0.52585075
-0.51341874
-0.44491689
-0.31943372
-0.16350748
-0.04093954
-0.02773311
-0.15069937
-0.35316393
-0.53927141
-0.65256594
-0.70431021
-0.73599249
-0.76856656
-0.78820241
-0.77357359
-0.72764877
-0.67733210
-0.64752524
