-0.01912795
-0.03192415
-0.07715262
-0.14444792
-0.18847337
-0.19843090
-0.23593730
-0.36434843
-0.56621505
-0.76329853
-0.89719681
-0.96392609
-0.98883394
-0.99559613
-0.99642093
-0.99588125
-0.99534930
-0.99530714
-0.99576248
-0.99655456
-0.99743603
-0.99811947
-0.99833027
-0.99789496
-0.99688757
-0.99557679
-0.99400226
-0.98963432
-0.97352869
-0.92509787
-0.81382655
-0.61786014
-0.35534882
-0.10016586
0.04430845
0.00600687
-0.20189592
-0.48423302
-0.73137508
-0.88822514
-0.96312022
-0.99045997
-0.99813727
-0.99968324
-0.99977647
-0.99948569
-0.99914721
-0.99885928
-0.99868435
-0.99858273
-0.99839179
-0.99796118
-0.99735956
-0.99690891
-0.99693035
-0.99743655
-0.99810878
-0.99856155
-0.99859618
-0.99822208
-0.99746497
-0.99612464
-0.99371787
-0.98953310
-0.98236349
-0.97001697
-0.95056522
-0.92649612
-0.90737355
-0.90448152
-0.92050927
-0.94652561
-0.97028566
-0.98548361
-0.99259916
-0.99398929
-0.99014441
-0.97994744
-0.96382723
-0.94627125
-0.93178819
-0.91456823
-0.87227000
-0.77855451
-0.63348909
-0.48422637
-0.40026215
-0.41351407
-0.48444097
-0.52980999
-0.47275699
-0.27051975
0.07250107
0.48735074
0.84572166
1.00000000
0.98631180
0.81442299
0.65039036
0.60384857
0.67915082
0.78618241
0.83711927
0.82008611
0.76899508
0.69420759
0.56982949
0.37549888
0.13493898
-0.08665689
-0.22460737
-0.26357515
-0.25205167
-0.26480601
-0.34305225
-0.46760642
-0.59146945
-0.69097035
-0.77371627
-0.84962363
-0.91390712
-0.95705541
-0.97625871
-0.97320956
-0.94940045
-0.90981786
-0.87021270
-0.85281492
-0.86877218
-0.90753973
-0.94778711
-0.97564495
-0.99010075
-0.99622386
-0.99845773
-0.99901553
-0.99880987
-0.99825155
-0.99763354
-0.99721502
-0.99721548
-0.99763881
-0.99821122
-0.99855542
-0.99841952
-0.99778377
-0.99684244
-0.99567214
-0.99373051
-0.98825567
-0.97154476
-0.92822958
-0.84086571
-0.71195635
-0.58616995
-0.53295250
-0.58720314
-0.71393266
-0.84350752
-0.93108221
-0.97416997
-0.99037027
-0.99509408
-0.99595265
-0.99575711
-0.99533847
-0.99486941
-0.99411279
-0.99284119
-0.99042188
-0.98430489
-0.96696067
-0.92458168
-0.84224857
-0.71780481
-0.57733572
-0.47530608
-0.46541991
-0.55723213
-0.70257621
-0.83158926
-0.89842785
-0.89474149
-0.84062080
-0.77643170
-0.74753129
-0.77459914
-0.83618005
-0.88688853
-0.88747505
-0.81996626
-0.69630691
-0.56737250
-0.50170813
-0.52431949
-0.57508541
-0.54592240
-0.37092766
-0.08793882
0.19232416
0.39141233
0.52353969
0.63267962
0.70473910
0.69085399
0.59071760
0.45224559
0.29468182
0.08500570
-0.19531230
-0.49781110
-0.74408754
-0.89459402
-0.96417660
-0.98876531
-0.99555702
-0.99710069
-0.99751476
-0.99768359
-0.99791105
-0.99822994
-0.99861428
-0.99897185
-0.99913166
-0.99894352
-0.99838692
-0.99745296
-0.99483442
-0.98562675
-0.95945195
-0.90443774
-0.82141086
-0.73771509
-0.69439614
-0.70403251
-0.72117471
-0.66635229
-0.49143201
-0.23507539
-0.01427540
0.05896335
-0.03377797
-0.21382508
-0.37513384
-0.44241001
-0.38737146
-0.23756873
-0.07688534
-0.00623233
-0.07960252
-0.26942518
-0.48975922
-0.65376722
-0.71473033
-0.66444875
-0.51458698
-0.28928198
-0.02441850
0.23707379
0.45608948
0.60641611
0.67474611
0.65067932
0.53365165
0.36424596
0.22389057
0.17632845
0.23241462
0.39148324
0.67271119
1.00000000
1.00000000
1.00000000
1.00000000
1.00000000
1.00000000
1.00000000
0.96326527
0.44407343
-0.03321520
-0.37103607
-0.52560754
-0.52560932
-0.42694158
-0.24846895
0.02505688
0.35737440
0.60720929
0.61820116
0.36939378
-0.00730914
-0.35979116
-0.62105349
-0.79488731
-0.90151386
-0.95715167
-0.97517033
-0.96318885
-0.92037221
-0.84477000
-0.74348674
-0.63304249
-0.53314785
-0.46879094
-0.47037849
-0.55017345
-0.67874158
-0.80101317
-0.87673024
-0.90125064
-0.89707436
-0.89304560
-0.90540399
-0.93077800
-0.95324632
-0.95278940
-0.90233583
-0.76306655
-0.50227326
-0.13750378
0.23526039
0.47869097
0.50240251
0.32538079
0.05364368
-0.20619966
-0.41325266
-0.57959644
-0.71780600
-0.82101237
-0.87727788
-0.87831059
-0.82010010
-0.71626106
-0.61325356
-0.57284123
-0.62400822
-0.73726365
-0.85405635
-0.93501962
-0.97598947
-0.99142770
-0.99556711
-0.99625182
-0.99658863
-0.99733718
-0.99833421
-0.99914035
-0.99946631
-0.99926179
-0.99864416
-0.99781027
-0.99695697
-0.99623300
-0.99576185
-0.99555483
-0.99522737
-0.99248740
-0.98041091
-0.94394335
-0.86217148
-0.72406393
-0.55156954
-0.40256075
-0.33626604
-0.36415691
-0.42968685
-0.43833984
-0.31968549
-0.07923301
0.19316150
0.36620919
0.35035136
0.16836525
-0.06563039
-0.24895583
-0.35639413
-0.40719723
-0.41346539
-0.37902329
-0.31427103
-0.23062689
-0.13652546
-0.03502219
0.08951755
0.25321533
0.41279684
0.46797884
0.36876194
0.18183391
0.00960933
-0.11451419
-0.21191741
-0.28420701
-0.30313505
-0.26160176
-0.20999616
-0.23144347
-0.36869066
-0.57864483
-0.77425516
-0.90066204
-0.95952993
-0.97941586
-0.98483694
-0.98756092
-0.99055346
-0.99327797
-0.99508716
-0.99593531
-0.99615463
-0.99588518
-0.99414947
-0.98728574
-0.96745381
-0.92380846
-0.84961383
-0.74752254
-0.62260125
-0.47087601
-0.28871112
-0.10022237
0.03545798
0.05682425
-0.05122411
-0.23703319
-0.41469596
-0.52070967
-0.53540133
-0.46163942
-0.31528932
-0.14251294
-0.00782460
0.06123224
0.09244494
0.12551513
0.17783103
0.24965633
0.32256374
0.35411285
0.30730236
0.18300477
0.00517576
-0.20842983
-0.43765847
-0.63990802
-0.76721428
-0.80539526
-0.78814689
-0.77080257
-0.78798495
-0.82992349
-0.85568557
-0.82689808
-0.73855827
-0.62955074
-0.55916879
-0.55927907
-0.61040979
-0.66744245
-0.69651061
-0.68342095
-0.62090205
-0.49950391
-0.31815942
-0.10096615
0.11568130
0.32482208
0.55393396
0.80841424
1.00000000
1.00000000
1.00000000
0.90559682
0.64670631
0.41047425
0.26553196
0.20305468
0.15909557
0.09470758
0.03591652
0.02895817
0.06303270
0.05395492
-0.07935247
-0.32759211
-0.59910583
-0.80606567
-0.92323566
-0.97434393
-0.99229091
-0.99774101
-0.99939043
-0.99988992
-1.00000000
-0.99996682
-0.99982271
-0.99949194
-0.99888954
-0.99804925
-0.99716944
-0.99654581
-0.99638779
-0.99662473
-0.99692832
-0.99697492
-0.99665250
-0.99604209
-0.99533147
-0.99478688
-0.99467367
-0.99506433
-0.99571181
-0.99615015
-0.99593185
-0.99483660
-0.99296417
-0.99071076
-0.98867648
-0.98754410
-0.98783241
-0.98948732
-0.99170615
-0.99312410
-0.99192268
-0.98556866
-0.97159882
-0.95077476
-0.92994518
-0.91867272
-0.92030594
-0.92617134
-0.91852781
-0.87334193
-0.76249992
-0.56822681
-0.31006767
-0.05144452
0.13327678
0.20097810
0.15524237
0.04089434
-0.07187020
-0.12309373
-0.10472463
-0.05988641
-0.02570015
0.01665218
0.12415736
0.32105307
0.54888153
0.69958073
0.71119577
0.62677879
0.53436194
0.44709167
0.28494390
-0.00568317
-0.36309340
-0.66946934
-0.85991594
-0.94846004
-0.98024332
-0.98979445
-0.99253466
-0.99311963
-0.99260553
-0.99165626
-0.99056865
-0.98881909
-0.98506764
-0.97863992
-0.97070572
-0.96243897
-0.94966439
-0.91976298
-0.85457971
-0.73842489
-0.56802553
-0.36519682
-0.18593252
-0.10598755
-0.17437463
-0.36869864
-0.60430853
-0.79651722
-0.91214806
-0.96610602
-0.98703680
-0.99453920
-0.99706863
-0.99765212
-0.99746311
-0.99718351
-0.99704971
-0.99704117
-0.99702069
-0.99685857
-0.99645283
-0.99560554
-0.99371193
-0.98854642
-0.97267247
-0.92835438
-0.82688296
-0.64378517
-0.38873683
-0.11812808
0.09801594
0.22424444
0.27245144
0.29080116
0.35129844
0.50569173
0.72710114
0.92678887
1.00000000
1.00000000
0.86634993
0.60328514
0.29138609
0.01285945
-0.17912180
-0.27085243
-0.27988634
-0.24473059
-0.20160763
-0.16212826
-0.12324965
-0.10276596
-0.14352629
-0.25543589
-0.37140724
-0.40293863
-0.33521854
-0.23384719
-0.16498940
-0.14534439
-0.16589250
-0.21848679
-0.28381739
-0.31588311
-0.25087068
-0.04199717
0.29132165
0.64103237
0.86290105
0.88745418
0.78678846
0.70778707
0.72790720
0.79103634
0.78276013
0.63395192
0.34850567
-0.01879551
-0.38559872
-0.67574991
-0.85728351
-0.94729121
-0.98301541
-0.99452110
-0.99745404
-0.99777724
-0.99729527
-0.99666056
-0.99575187
-0.99241288
-0.97980166
-0.94402596
-0.86945469
-0.75817247
-0.64891692
-0.60135018
-0.64334743
-0.73622342
-0.79689470
-0.74463981
-0.53351466
-0.18259534
0.19802755
0.44116638
0.43076308
0.18738338
-0.16201938
-0.48520441
-0.70925104
-0.81943825
-0.83411582
-0.78439585
-0.69798251
-0.58881893
-0.46176736
-0.32332746
-0.17275021
0.01658240
0.28605925
0.65125584
1.00000000
1.00000000
1.00000000
1.00000000
1.00000000
1.00000000
0.76472159
0.28202104
-0.07539965
-0.24783257
-0.23117291
-0.08278313
0.10825459
0.26175609
0.31475493
0.22094789
-0.01809870
-0.32926676
-0.60932305
-0.79410132
-0.88118039
-0.90291466
-0.89705076
-0.89303306
-0.90321467
-0.91762596
-0.90936095
-0.84684098
-0.70646779
-0.48121029
-0.18102951
0.16775668
0.50675481
0.73349494
0.74743066
0.54991770
0.29073262
0.17691527
0.30863034
0.60553404
0.89444580
1.00000000
1.00000000
1.00000000
1.00000000
1.00000000
1.00000000
0.91114528
0.68428031
0.37764952
0.04653251
-0.27495216
-0.55471898
-0.75043978
-0.82847899
-0.77817123
-0.61949266
-0.41867895
-0.28208649
-0.29425749
-0.44898130
-0.65816059
-0.83069420
-0.93166597
-0.97567690
-0.99036954
-0.99423815
-0.99492724
-0.99463467
-0.99407857
-0.99373581
-0.99386999
-0.99450111
-0.99539092
-0.99617344
-0.99661741
-0.99678776
-0.99689853
-0.99705653
-0.99723001
-0.99740930
-0.99767096
-0.99806719
-0.99853414
-0.99895250
-0.99925409
-0.99943103
-0.99945828
-0.99925919
-0.99879909
-0.99822363
-0.99782573
-0.99779539
-0.99804477
-0.99834458
-0.99855896
-0.99865821
-0.99859136
-0.99830500
-0.99790302
-0.99765353
-0.99771812
-0.99790110
-0.99772739
-0.99680321
-0.99518273
-0.99345752
-0.99236941
-0.99219127
-0.99238146
-0.99165263
-0.98809031
-0.97961975
-0.96571545
-0.94919055
-0.93514352
-0.92744504
-0.92732261
-0.93482307
-0.94880148
-0.96543938
-0.97964262
-0.98855639
-0.99263480
-0.99382001
-0.99370945
-0.99308891
-0.99225449
-0.99147709
-0.99117767
-0.99161789
-0.99258052
-0.99350892
-0.99398863
-0.99402960
-0.99391616
-0.99387513
-0.99390976
-0.99379202
-0.99305837
-0.99003387
-0.97947563
-0.94997836
-0.88681513
-0.78654946
-0.67238003
-0.58202673
-0.52231668
-0.44557235
-0.30040909
-0.10905183
0.04339005
0.11859436
0.19253971
0.37514248
0.66836628
0.92771926
0.97325299
0.74639730
0.36908320
0.05118035
-0.06741479
-0.00257932
0.12332141
0.20784584
0.24067424
0.25004353
0.21693698
0.08676814
-0.14912064
-0.42778460
-0.66995840
-0.83519139
-0.92668946
-0.96759989
-0.98120100
-0.98175588
-0.96993151
-0.93093955
-0.84395165
-0.70884876
-0.57069175
-0.50010333
-0.52984350
-0.61687571
-0.68146850
-0.68077364
-0.64162878
-0.62849871
-0.68118079
-0.78261316
-0.88485486
-0.95480697
-0.98997381
-1.00000000
-1.00000000
-1.00000000
-1.00000000
-1.00000000
-1.00000000
-1.00000000
-1.00000000
-1.00000000
-1.00000000
-1.00000000
-1.00000000
-1.00000000
-1.00000000
-1.00000000
-1.00000000
-1.00000000
-1.00000000
-1.00000000
-1.00000000
-1.00000000
-1.00000000
-1.00000000
-1.00000000
-1.00000000
-1.00000000
-1.00000000
-1.00000000
-1.00000000
-1.00000000
-1.00000000
-1.00000000
-1.00000000
-1.00000000
-1.00000000
-1.00000000
-1.00000000
-1.00000000
-1.00000000
-1.00000000
-1.00000000
-1.00000000
-1.00000000
-1.00000000
-1.00000000
-1.00000000
-1.00000000
-1.00000000
-1.00000000
-1.00000000
-1.00000000
-1.00000000
-1.00000000
-0.99724356
-0.97847753
-0.92763580
-0.82411084
-0.66178075
-0.46470103
-0.27651884
-0.13469741
-0.06741173
-0.10249218
-0.24047870
-0.41483108
-0.50792754
-0.41896731
-0.12219359
0.30944167
0.72164184
0.96002298
0.98102669
0.87673176
0.76456802
0.66330596
0.49987035
0.22219326
-0.12775583
-0.44988581
-0.66303379
-0.73375757
-0.65971026
-0.46967578
-0.24254409
-0.08479557
-0.06093590
-0.15876870
-0.32535763
-0.50581483
-0.64521127
-0.69083646
-0.61855546
-0.45985529
-0.30029674
-0.23245289
-0.27956252
-0.36357414
-0.37149390
-0.25735597
-0.07467744
0.07203985
0.09147367
-0.05024664
-0.30894312
-0.58648666
-0.79643466
-0.91002992
-0.94479817
-0.92721693
-0.86974958
-0.76998564
-0.62486241
-0.45085240
-0.28588061
-0.15902024
-0.05845617
0.06061475
0.22841445
0.41479474
0.53189345
0.49486865
0.29259336
0.00057839
-0.28070297
-0.49765225
-0.65071508
-0.75214727
-0.80345846
-0.80920994
-0.78859685
-0.76484260
-0.75131075
