0.26256562
0.22690849
0.18073139
0.15475609
0.16190056
0.18657547
0.19658022
0.17179617
0.12152727
0.07161696
0.03980361
0.02719362
0.02624546
0.02908457
0.03006301
0.02651916
0.01944161
0.01192947
0.00641200
0.00337035
0.00223712
0.00269057
0.00492913
0.00880626
0.01284373
0.01471803
0.01331647
0.01051982
0.01112152
0.02224467
0.05234141
0.10718887
0.18294833
0.26228429
0.31864967
0.32791661
0.28307265
0.20211040
0.11778698
0.05554636
0.02121518
0.00677501
0.00211067
0.00097035
0.00072011
0.00056685
0.00034107
0.00010390
0.00000000
0.00012144
0.00041545
0.00070436
0.00083735
0.00082727
0.00080856
0.00087154
0.00097367
0.00104292
0.00117807
0.00205239
0.00539563
0.01418453
0.03126671
0.05570912
0.07991877
0.09346114
0.09235291
0.08228585
0.07059161
0.05856143
0.04419741
0.02848333
0.01528531
0.00708239
0.00335956
0.00233380
0.00265523
0.00376257
0.00557830
0.00848524
0.01486047
0.03198258
0.07393996
0.15516475
0.27185510
0.38718603
0.45028503
0.44525484
0.41660468
0.43491423
0.53515873
0.68624797
0.81658458
0.87345257
0.86003666
0.81349831
0.75917081
0.70147717
0.65087059
0.63132042
0.65074249
0.68013734
0.67665939
0.62009814
0.52096995
0.40613246
0.30515716
0.24063380
0.22009516
0.23638602
0.27476128
0.31679757
0.34100482
0.33063885
0.28834015
0.23775541
0.20192146
0.18092793
0.15727085
0.12013068
0.07661952
0.04082990
0.02008905
0.01370243
0.01886840
0.03338023
0.05277251
0.06812384
0.07030073
0.05761352
0.03747145
0.01949078
0.00836771
0.00327378
0.00147210
0.00102464
0.00115143
0.00158364
0.00208620
0.00239655
0.00237876
0.00207816
0.00164963
0.00126239
0.00104394
0.00105265
0.00128761
0.00174532
0.00245236
0.00352755
0.00536006
0.00886968
0.01520372
0.02422343
0.03292103
0.03658566
0.03292144
0.02450029
0.01618031
0.01074513
0.00776421
0.00571585
0.00394536
0.00268139
0.00212479
0.00204837
0.00206490
0.00202665
0.00212679
0.00306349
0.00667817
0.01734829
0.04241852
0.08868254
0.15405936
0.22069227
0.25978055
0.25014358
0.19591139
0.12434470
0.06461975
0.02966872
0.01599099
0.01396950
0.01550766
0.01608769
0.01457920
0.01256005
0.01275420
0.01768063
0.02911760
0.04734655
0.06957119
0.09010809
0.10492944
0.11769623
0.14184596
0.19384808
0.27848411
0.37878676
0.46509888
0.51584042
0.52670072
0.50333810
0.45361424
0.38736968
0.31674502
0.25087975
0.19071409
0.13346744
0.08149514
0.04174543
0.01782205
0.00676484
0.00294749
0.00206677
0.00193546
0.00178092
0.00155184
0.00140720
0.00143868
0.00156831
0.00169578
0.00183861
0.00207416
0.00242958
0.00292658
0.00423280
0.00882228
0.02197443
0.04979979
0.09198425
0.13463473
0.15607394
0.14671568
0.12218930
0.11212286
0.13461165
0.17981387
0.21643180
0.21725283
0.18246246
0.13838800
0.11737205
0.14067882
0.21052653
0.30456229
0.38065107
0.40062946
0.35574441
0.26929925
0.17727131
0.10707578
0.06975678
0.06631278
0.09686962
0.16245391
0.25823764
0.36562266
0.45574879
0.50652540
0.51637507
0.49755138
0.46298569
0.42735895
0.40800617
0.41068107
0.42536851
0.44756533
0.49166417
0.57239944
0.67846294
0.77164579
0.81509053
0.80530261
0.77154488
0.73882193
0.69996873
0.63337281
0.54329815
0.46853656
0.44368558
0.45966546
0.47392833
0.45640984
0.41390602
0.37132900
0.34507958
0.33932993
0.35119329
0.36429790
0.34845518
0.28605192
0.19598254
0.11793733
0.07608617
0.06531729
0.06693102
0.06948556
0.07459028
0.08731526
0.10627776
0.12495211
0.13865241
0.14514339
0.14075244
0.12172936
0.09060575
0.05746814
0.03308845
0.02185890
0.02104353
0.02439843
0.02629738
0.02537489
0.02655699
0.04012993
0.07726699
0.14168043
0.22136653
0.29060985
0.32500768
0.31525703
0.26796330
0.19999129
0.13316141
0.08695780
0.07071291
0.08022056
0.09954344
0.10935565
0.10018467
0.07838214
0.05680490
0.04184575
0.03160581
0.02262429
0.01433513
0.00800464
0.00431824
0.00277390
0.00233703
0.00217049
0.00190313
0.00157930
0.00138509
0.00137966
0.00145465
0.00149904
0.00152835
0.00161623
0.00173702
0.00174120
0.00150518
0.00107201
0.00066360
0.00063605
0.00196145
0.00765237
0.02508930
0.06627403
0.14100086
0.24275587
0.34017215
0.39040397
0.37060116
0.29853477
0.21932680
0.17085850
0.16212607
0.17920785
0.20497488
0.23289985
0.26426339
0.29271319
0.29956773
0.27497831
0.23910834
0.22753076
0.25409906
0.29769247
0.32757955
0.33371886
0.32862298
0.32695637
0.33011041
0.32715093
0.30782611
0.27554291
0.24480797
0.22380133
0.20576764
0.18103135
0.14998942
0.11977754
0.09485427
0.07485373
0.05745159
0.04109853
0.02671208
0.01709874
0.01435848
0.01759877
0.02282477
0.02511394
0.02206171
0.01538774
0.00876411
0.00449529
0.00256842
0.00192065
0.00171316
0.00162199
0.00165478
0.00206358
0.00333481
0.00602854
0.01105811
0.02116611
0.04286552
0.08495670
0.14953682
0.22086246
0.26852966
0.27214793
0.24391938
0.21933869
0.22618132
0.27096282
0.34986263
0.45405962
0.56131646
0.63904509
0.66321530
0.62896685
0.54926556
0.45185943
0.37185762
0.33710172
0.35380102
0.39914126
0.42989089
0.40990730
0.33512265
0.23236638
0.13691527
0.07127257
0.03824380
0.02725814
0.02538008
0.02503753
0.02626832
0.03477440
0.05904631
0.10645776
0.18113884
0.28387312
0.40599463
0.51623015
0.56708282
0.53405384
0.44215259
0.34132123
0.26778016
0.23944440
0.27149511
0.37846624
0.55799198
0.77169193
0.94501579
1.00000000
0.91796441
0.74002504
0.54943860
0.41079587
0.35136320
0.36377663
0.41270435
0.45036182
0.44295876
0.39046032
0.32031611
0.25971929
0.21393190
0.17158815
0.12499345
0.07896761
0.04278066
0.02025810
0.00889545
0.00405922
0.00230510
0.00183216
0.00184819
0.00195755
0.00196350
0.00186802
0.00177758
0.00176092
0.00180508
0.00189519
0.00205983
0.00232401
0.00269779
0.00326105
0.00428216
0.00615539
0.00896307
0.01193898
0.01365558
0.01313971
0.01077317
0.00796217
0.00611105
0.00623901
0.00948131
0.01783439
0.03353450
0.05574621
0.07707604
0.08640308
0.07861050
0.06018539
0.04405811
0.04234853
0.06674638
0.12812409
0.22278512
0.31713909
0.36162226
0.33356220
0.25956312
0.18670031
0.14043202
0.11771337
0.10957846
0.11781167
0.15250560
0.21920644
0.30606262
0.38236626
0.42090800
0.42635898
0.43004713
0.45373093
0.49934540
0.58169361
0.73541220
0.95624799
1.00000000
1.00000000
1.00000000
0.81960528
0.56385769
0.38174827
0.27913345
0.21759788
0.16135764
0.10308354
0.05440403
0.02404189
0.00989453
0.00502647
0.00392088
0.00406596
0.00470767
0.00560514
0.00668794
0.00860072
0.01323035
0.02292823
0.03764139
0.05243169
0.06014451
0.05963004
0.06171247
0.08637240
0.15353543
0.26998494
0.41308163
0.52637885
0.54949000
0.46787994
0.32837479
0.19819687
0.11384466
0.07053940
0.04727134
0.03041854
0.01736414
0.00910772
0.00515508
0.00362809
0.00292940
0.00234765
0.00180624
0.00146822
0.00142178
0.00155995
0.00169571
0.00187286
0.00274983
0.00627693
0.01659245
0.04062638
0.08585569
0.15450188
0.23806290
0.31748030
0.37038916
0.38492024
0.37647866
0.38765977
0.45740105
0.58411096
0.72060868
0.80085023
0.77612013
0.64733088
0.47507997
0.34724734
0.32827913
0.43126406
0.61330086
0.78284868
0.83908747
0.74184787
0.54426012
0.34202179
0.19749586
0.11698901
0.08084766
0.07478646
0.09372515
0.12986817
0.16855578
0.19612219
0.20678018
0.20070442
0.18293108
0.16759783
0.17827224
0.23919569
0.36305931
0.54343959
0.75086094
0.93034710
1.00000000
0.97761061
0.85729501
0.74734614
0.70809260
0.71713986
0.70109203
0.60930873
0.45318743
0.28470206
0.15054886
0.06717802
0.02572940
0.00910170
0.00365747
0.00203672
0.00134762
0.00078599
0.00037191
0.00030014
0.00092053
0.00309853
0.00862801
0.01951446
0.03532106
0.05070010
0.05760792
0.05239425
0.04103685
0.03766749
0.05973533
0.12188509
0.22369410
0.33575210
0.40613854
0.39632845
0.31406182
0.20484432
0.11331690
0.05765249
0.03358797
0.03047907
0.04135712
0.06541954
0.10702785
0.17189942
0.26132613
0.37053813
0.49453541
0.63651039
0.81044730
1.00000000
1.00000000
1.00000000
1.00000000
1.00000000
1.00000000
0.91930711
0.65447942
0.43011445
0.27304210
0.19467191
0.18207758
0.20376739
0.22928274
0.24222961
0.23677461
0.21082225
0.16828292
0.12137052
0.08345950
0.06011029
0.04880415
0.04382073
0.03978782
0.03426593
0.02939310
0.03130966
0.04827914
0.08937453
0.16095315
0.25857070
0.36021027
0.43248282
0.45066895
0.41434877
0.34504016
0.27471758
0.23655034
0.25310295
0.32215947
0.41587514
0.50196131
0.57112949
0.64388692
0.74449615
0.85892197
0.92345287
0.87445736
0.71246901
0.50247068
0.31457055
0.18006935
0.09637226
0.05056493
0.03196680
0.03401498
0.05211963
0.07919543
0.10240887
0.10771259
0.09061915
0.06057674
0.03219920
0.01378306
0.00495566
0.00169580
0.00074338
0.00054657
0.00056520
0.00063662
0.00066800
0.00061075
0.00049179
0.00043616
0.00056680
0.00084895
0.00108307
0.00110817
0.00098600
0.00093418
0.00110163
0.00144851
0.00181114
0.00202339
0.00198439
0.00169340
0.00127102
0.00090218
0.00069997
0.00062741
0.00056067
0.00040899
0.00017518
0.00000000
0.00000000
0.00000000
0.00010673
0.00036464
0.00052526
0.00053019
0.00042701
0.00033066
0.00035915
0.00057198
0.00093173
0.00132784
0.00165750
0.00192157
0.00228140
0.00340569
0.00720661
0.01756033
0.03930889
0.07377744
0.11420658
0.14827601
0.16670832
0.16675225
0.14853266
0.11493778
0.07518113
0.04139965
0.02013217
0.00990388
0.00594151
0.00465578
0.00443213
0.00471001
0.00524484
0.00592209
0.00685177
0.00816903
0.00961331
0.01042672
0.00993369
0.00821283
0.00602917
0.00416646
0.00299028
0.00256155
0.00309362
0.00542782
0.01129052
0.02280128
0.04054770
0.06310932
0.09312999
0.14927385
0.26657446
0.46415045
0.69841753
0.86725890
0.89400075
0.80672996
0.70905340
0.67385810
0.68588699
0.68441847
0.63945537
0.57913026
0.55242551
0.57644209
0.62537629
0.66676700
0.69491399
0.71810132
0.72333911
0.67774671
0.56721942
0.41565850
0.26449806
0.14494148
0.06763308
0.02719669
0.01127842
0.00819402
0.01062062
0.01664805
0.03017976
0.05808320
0.10140179
0.14655076
0.17115512
0.16545187
0.14581832
0.14111189
0.16438592
0.19830413
0.20937527
0.17920377
0.12070857
0.06252739
0.02333383
0.00394519
0.00000000
0.00000000
0.00000000
0.00000000
0.00000000
0.00000000
0.00000000
0.00000000
0.00000000
0.00000000
0.00000000
0.00000000
0.00000000
0.00000000
0.00000000
0.00000000
0.00000000
0.00000000
0.00000000
0.00000000
0.00000000
0.00000000
0.00000000
0.00000000
0.00000000
0.00000000
0.00000000
0.00000000
0.00000000
0.00000000
0.00000000
0.00000000
0.00000000
0.00000000
0.00000000
0.00000000
0.00000000
0.00000000
0.00000000
0.00000000
0.00000000
0.00000000
0.00000000
0.00000000
0.00000000
0.00000000
0.00000000
0.00000000
0.00178687
0.00572940
0.00796279
0.00753687
0.00537294
0.00363035
0.00501879
0.01323386
0.03246748
0.06351009
0.09908505
0.12563385
0.13272134
0.12017196
0.09577754
0.06942223
0.05077751
0.04926119
0.07353401
0.12951102
0.21421858
0.30824713
0.38059326
0.41013397
0.40073856
0.36976722
0.32691175
0.27143757
0.20497874
0.13815376
0.08510708
0.05661844
0.06081616
0.10604203
0.19530949
0.31406912
0.42701647
0.49202322
0.48158587
0.39858354
0.27684939
0.16175314
0.08385641
0.04818675
0.04251853
0.05017889
0.05870649
0.06545094
0.07814526
0.10574075
0.14633409
0.18551286
0.20696833
0.20232809
0.17275238
0.12728520
0.08088674
0.04961134
0.04581850
0.07582470
0.13514859
0.20303060
0.25033823
0.26217378
0.24969453
0.23707462
0.24329063
0.27754155
0.34028314
0.41824626
0.47953023
0.48613345
0.42465031
0.32341803
0.23036430
0.17371703
0.14784489
0.13200376
0.11571672
0.10589880
0.11321320
0.13617561
0.16133395
0.17623738
