0.45067524
0.55070499
0.70764451
0.85394015
0.93688005
0.95354528
0.94471820
0.95127478
0.98022173
1.00000000
1.00000000
1.00000000
1.00000000
1.00000000
0.99819712
0.95291143
0.90530040
0.85182412
0.77434382
0.66087992
0.52481199
0.40076578
0.32472601
0.31871914
0.38388740
0.49786782
0.62182653
0.71882109
0.76677094
0.75404905
0.67388941
0.53635001
0.38277802
0.27384582
0.25334390
0.31762308
0.41411230
0.47265173
0.45163433
0.36255858
0.25169212
0.16023877
0.10119352
0.06542425
0.04035381
0.02111812
0.00890907
0.00430964
0.00436827
0.00492053
0.00381575
0.00160254
0.00000000
0.00007190
0.00138560
0.00268385
0.00358546
0.00548002
0.01072914
0.02175124
0.04127123
0.07241712
0.11772449
0.17807320
0.25263074
0.33790656
0.42481211
0.49898782
0.55117722
0.58939023
0.63365385
0.69394241
0.75826124
0.80586587
0.82754291
0.82979936
0.82236401
0.80530465
0.76924201
0.70796862
0.62914087
0.54868079
0.47471267
0.40214383
0.32512998
0.24973603
0.19029967
0.15612705
0.14593177
0.15242899
0.16586431
0.17332496
0.16347001
0.13826525
0.11528903
0.11190820
0.12903165
0.15335383
0.17160809
0.18000757
0.18705734
0.21164038
0.26931490
0.35313595
0.43445464
0.48747181
0.50490823
0.48878155
0.44129736
0.37029824
0.29286591
0.23078095
0.20545685
0.23160666
0.30788539
0.41232774
0.50959176
0.56804873
0.57686066
0.54844916
0.50321437
0.45487327
0.41077058
0.37822194
0.36290726
0.36069895
0.35539994
0.32971382
0.27971285
0.21689930
0.15657443
0.10805236
0.07519669
0.05958113
0.05878581
0.06451024
0.06681528
0.06097876
0.04939759
0.03766640
0.02978795
0.02650953
0.02689548
0.03048880
0.03855778
0.05559707
0.09030439
0.15080575
0.23230051
0.30891351
0.34660253
0.33475183
0.30666747
0.32147975
0.41654788
0.57226288
0.72505451
0.81945687
0.84733857
0.83588714
0.80916034
0.77354188
0.73347549
0.70424940
0.70185779
0.72315493
0.74357015
0.74189368
0.72451698
0.71567878
0.72267544
0.72023839
0.67553837
0.58625461
0.49121793
0.44423060
0.47519203
0.56899411
0.67784929
0.75813100
0.80121815
0.83026581
0.86626794
0.89955987
0.89737388
0.83764623
0.73177725
0.61634611
0.52726972
0.48160511
0.47725806
0.50190562
0.53880008
0.56941718
0.57990705
0.56738164
0.53534000
0.48399999
0.41203073
0.32819026
0.25447863
0.21430982
0.21863284
0.26230420
0.33254813
0.42260296
0.53615021
0.67210606
0.80229189
0.87330054
0.84146443
0.70731008
0.51536704
0.32451412
0.17707756
0.08590547
0.04071299
0.02300078
0.01770930
0.01662745
0.01663301
0.01712196
0.01859231
0.02235208
0.03083209
0.04875609
0.08498261
0.15277655
0.26395423
0.41640723
0.58224448
0.70868956
0.73997776
0.65314326
0.48003446
0.28935176
0.14118371
0.05770246
0.03027120
0.04082033
0.07299508
0.11320242
0.15075566
0.17822951
0.19162968
0.19345197
0.19654580
0.22067000
0.27678488
0.34796957
0.39199452
0.37699579
0.31691499
0.26274105
0.25593191
0.29224821
0.32936346
0.32820928
0.28710219
0.23766856
0.21653627
0.24605661
0.33107708
0.45768170
0.59345744
0.69897232
0.74754964
0.73798556
0.68999655
0.62802539
0.56709268
0.50983684
0.45454879
0.40213744
0.35153684
0.29587560
0.23255497
0.17157085
0.12658081
0.10267285
0.09770688
0.11037183
0.14155472
0.18856646
0.24197294
0.29122909
0.33253928
0.36959870
0.41530898
0.50106974
0.66765905
0.91990846
1.00000000
1.00000000
1.00000000
1.00000000
1.00000000
1.00000000
1.00000000
1.00000000
1.00000000
0.86174389
0.68737249
0.54713266
0.46140284
0.44927763
0.50737779
0.59734473
0.67478297
0.72818869
0.77502992
0.82533624
0.86525203
0.87231715
0.83131409
0.73654459
0.59382872
0.42555569
0.26603095
0.14487252
0.07224832
0.03844785
0.02582701
0.02188112
0.02456610
0.03999303
0.07740662
0.14437831
0.24126508
0.35410196
0.45139651
0.49729022
0.48030734
0.42843533
0.38636045
0.37586711
0.38098378
0.36919001
0.32348958
0.25382166
0.18196696
0.12241909
0.07807398
0.04699842
0.02787023
0.02024752
0.02229417
0.02931305
0.03527276
0.03682581
0.03552104
0.03575083
0.04126100
0.05374100
0.07379254
0.10315561
0.14654811
0.20962723
0.29228630
0.38176694
0.45149925
0.47103462
0.42777515
0.34566032
0.27575177
0.25710682
0.28350189
0.31251533
0.30936367
0.28069781
0.26447519
0.28778247
0.33596963
0.36584199
0.35011441
0.30276621
0.25905819
0.24178877
0.25264035
0.28374431
0.32524376
0.36462746
0.38697146
0.37978803
0.34060325
0.28221543
0.22630488
0.18696992
0.16140730
0.13849358
0.11408424
0.09638796
0.10018525
0.13840027
0.21583124
0.32629435
0.45563001
0.58747266
0.70358645
0.78179664
0.80584947
0.78358686
0.74745354
0.72651662
0.71643239
0.68326091
0.60055963
0.47860006
0.35484174
0.26234380
0.21268596
0.20232482
0.22548898
0.28069567
0.36895714
0.48549153
0.61182858
0.71687599
0.76661706
0.73711609
0.62865616
0.47284739
0.31889143
0.20514196
0.14302693
0.12495800
0.13890902
0.17196266
0.20675577
0.22399429
0.21287877
0.17833412
0.13854523
0.11721427
0.13763060
0.21500131
0.34106989
0.47191512
0.54492581
0.52440770
0.42980782
0.31424400
0.22404315
0.18346891
0.20403604
0.28996392
0.42879431
0.58266098
0.69958579
0.74152582
0.70479242
0.61420698
0.50202234
0.39404383
0.30786146
0.25078706
0.21624283
0.19088197
0.16938953
0.15762619
0.16114540
0.17554266
0.18895882
0.19040595
0.17577222
0.14933994
0.12060788
0.09896125
0.09231570
0.11003935
0.16005773
0.23744749
0.31955515
0.37854286
0.39797378
0.37764038
0.33125351
0.28245796
0.25210058
0.24180188
0.23574979
0.22287565
0.21389238
0.23616492
0.31343240
0.44335473
0.58517184
0.67421448
0.66303894
0.55546937
0.40027397
0.25395251
0.14931242
0.08980516
0.06189842
0.04966607
0.04338998
0.04191150
0.05119772
0.08035338
0.13585035
0.21500004
0.30095333
0.36502093
0.38114257
0.34421374
0.27351234
0.19689576
0.13334482
0.08804950
0.05719079
0.03490967
0.01848606
0.00904082
0.00795629
0.01302948
0.01879813
0.02104948
0.02058855
0.02154880
0.02665326
0.03503114
0.04301637
0.04567482
0.03975055
0.02727326
0.01474729
0.00719762
0.00432812
0.00336839
0.00411213
0.00959839
0.02186527
0.03753879
0.04855786
0.04852488
0.03874758
0.02763871
0.02460432
0.03465934
0.05685157
0.08490688
0.10974417
0.12470199
0.12969111
0.12876315
0.12393003
0.11427259
0.10109945
0.09010925
0.08677757
0.09203302
0.10498369
0.12880244
0.16949144
0.22587791
0.28373706
0.32507514
0.34223034
0.33868299
0.31976079
0.28901895
0.25109675
0.21162498
0.17444793
0.14177780
0.11558475
0.09639942
0.08221154
0.07042710
0.06076579
0.05598390
0.05931682
0.07042500
0.08380171
0.09182513
0.08937800
0.07597479
0.05547786
0.03482115
0.02237133
0.02686138
0.05623757
0.11624859
0.20951916
0.33221645
0.46531171
0.57150101
0.61253049
0.57627331
0.48495555
0.37651612
0.28015155
0.20838016
0.16560131
0.15600431
0.18166581
0.23878981
0.31975199
0.41814490
0.53197761
0.66343826
0.81094485
0.95327918
1.00000000
1.00000000
0.90876291
0.71180212
0.50276867
0.32628605
0.19807851
0.11614575
0.07399252
0.06542620
0.08290821
0.11528221
0.14904763
0.17272615
0.18082250
0.17404867
0.15610168
0.13082605
0.10201247
0.07360260
0.04868443
0.02883181
0.01445809
0.00539840
0.00160482
0.00347055
0.01131654
0.02488108
0.04403810
0.06928417
0.09962037
0.12926096
0.14968337
0.15957725
0.17316452
0.21279796
0.28741299
0.37759370
0.44523972
0.46179568
0.42856720
0.37192271
0.32194899
0.29328865
0.27956452
0.26352571
0.23585226
0.20674603
0.20168919
0.24859561
0.36515867
0.54518943
0.74827818
0.90912702
0.97322591
0.93429121
0.83580912
0.73320998
0.65452944
0.59388682
0.53263574
0.46120510
0.38609557
0.32299554
0.28538283
0.27963744
0.30838719
0.37214600
0.46519139
0.57497416
0.69031326
0.80619213
0.91370991
0.98799425
0.99787998
0.93491902
0.82837990
0.72394989
0.64834712
0.60057813
0.57387931
0.57001310
0.58409540
0.58851801
0.54962647
0.46122893
0.35112306
0.25312470
0.18115439
0.13161695
0.10017053
0.08900102
0.10069481
0.12855513
0.15377720
0.15666699
0.13545624
0.11067138
0.10664068
0.13368621
0.19118191
0.27696316
0.38199868
0.47983081
0.53488925
0.52825171
0.47482019
0.41308171
0.37659175
0.37319904
0.38724085
0.39728308
0.39092875
0.36672594
0.32951583
0.28783597
0.25053021
0.22058697
0.19532524
0.17670961
0.17796942
0.21522447
0.29179963
0.38972267
0.47726596
0.53165540
0.55588139
0.56437176
0.55429295
0.50857084
0.42902606
0.34635188
0.28970464
0.26152310
0.24916320
0.24699377
0.25619962
0.27057847
0.27528144
0.26243113
0.24248238
0.23919739
0.27829774
0.38017742
0.55207174
0.77531074
0.99966215
1.00000000
1.00000000
1.00000000
1.00000000
0.86180394
0.67539063
0.49050237
0.32485492
0.19461276
0.10670075
0.05647129
0.03324483
0.02684168
0.02986464
0.03648182
0.04169498
0.04232350
0.03805636
0.03098511
0.02401215
0.01917840
0.01675793
0.01561796
0.01420766
0.01144612
0.00757856
0.00475519
0.00588392
0.01139582
0.01718527
0.01733461
0.00971664
0.00000000
0.00000000
0.00000000
0.00000000
0.00000000
0.00448313
0.01161356
0.01683846
0.02038486
0.02241444
0.02326102
0.02421602
0.02706304
0.03299097
0.04262643
0.05617796
0.07217777
0.08655396
0.09423600
0.09234904
0.08224423
0.06849453
0.05552431
0.04541837
0.03897605
0.03699037
0.03879356
0.04085228
0.03888865
0.03164554
0.02196497
0.01407059
0.00979198
0.00764222
0.00572551
0.00481995
0.00752583
0.01456371
0.02293179
0.02849731
0.03013127
0.03112102
0.03671148
0.04987327
0.06817578
0.08480414
0.09404379
0.09589785
0.09455662
0.09337004
0.09288838
0.09359821
0.09887037
0.11330559
0.13743284
0.16546983
0.18962938
0.20567694
0.21319445
0.21251080
0.20383953
0.19033506
0.17985695
0.17974086
0.18888211
0.19841980
0.20109937
0.19633571
0.18698926
0.17821503
0.18284600
0.22087419
0.30179352
0.40195114
0.46832338
0.45970695
0.38690689
0.30370464
0.25612814
0.24620363
0.24394498
0.22468419
0.18749174
0.14264687
0.09401518
0.03931481
0.00000000
0.00000000
0.00000000
0.00000000
0.00000000
0.00000000
0.00000000
0.00000000
0.00000000
0.02346868
0.18197721
0.38413916
0.57262643
0.67836109
0.66926293
0.58243007
0.50258540
0.49693164
0.55954691
0.61535167
0.58447892
0.44937071
0.26163872
0.09240217
0.00000000
0.00000000
0.00000000
0.00000000
0.02794736
0.04015094
0.02861356
0.00614750
0.00000000
0.00000000
0.00000000
0.00000000
0.00000000
0.00000000
0.00000000
0.00000000
0.00000000
0.00000000
0.00000000
0.00000000
0.00620144
0.05472243
0.06676335
0.05032191
0.02592203
0.00364244
0.00000000
0.00000000
0.00000000
0.00000000
0.00000000
0.00000000
0.00000000
0.00000000
0.00000000
0.00000000
0.00000000
0.00000000
0.00000000
0.00000000
0.00000000
0.00000000
0.00000000
0.00000000
0.00000000
0.00000000
0.00000000
0.07438057
0.15693276
0.20021590
0.19090904
0.16979643
0.19733026
0.29615536
0.42968913
0.53017199
0.54793565
0.48369246
0.37971905
0.28249937
0.21452135
0.17347032
0.14499829
0.11659856
0.08951330
0.07899821
0.09754980
0.13844606
0.18107515
0.21131293
0.23034947
0.24492928
0.25840629
0.27390890
0.29671547
0.32546132
0.34756355
0.35215775
0.34150468
0.31956816
0.27919463
0.21618551
0.14782932
0.10191041
0.09499919
0.13108701
0.20933153
0.31948101
0.43336120
0.51159878
0.52551895
0.47756060
0.40129691
0.33460376
0.28913411
0.24900145
0.19866357
0.14700566
0.12706367
0.17889693
0.32740427
0.56188512
0.83324876
1.00000000
1.00000000
1.00000000
1.00000000
1.00000000
1.00000000
0.85104016
0.66730891
0.54422555
0.47379432
0.41735571
0.34299898
0.25277476
0.17486355
0.13564450
0.14208498
0.18258043
0.23447829
0.27191314
0.27747224
0.25612433
0.23518075
0.24188920
0.27869972
0.32437346
0.35771505
0.37371414
0.37871175
