0.67918424
0.65991152
0.60938474
0.53163946
0.45424053
0.39564575
0.34092286
0.26710912
0.17956575
0.10639616
0.06514783
0.04871922
0.03957997
0.02774603
0.01468560
0.00526019
0.00082579
0.00000000
0.00253386
0.00958809
0.02174807
0.03817140
0.05610103
0.07001992
0.07356031
0.06541955
0.05369457
0.05480671
0.08856435
0.17146129
0.30825194
0.48681170
0.67741219
0.83105882
0.88633043
0.80371103
0.60717546
0.37904373
0.20212211
0.10955843
0.08570316
0.09795070
0.12093806
0.14116209
0.15250559
0.15413911
0.15001544
0.14599356
0.14570407
0.14886974
0.15201401
0.15055933
0.14152022
0.12537919
0.10617797
0.08961867
0.08042190
0.08053160
0.08831649
0.09878274
0.10618624
0.10819706
0.10702453
0.10578162
0.10585895
0.10993892
0.12589818
0.16217700
0.21496171
0.26197198
0.27595176
0.24782127
0.19330248
0.13629544
0.09128434
0.06139653
0.04469047
0.03779186
0.03691988
0.03923184
0.04442250
0.05548181
0.07994139
0.12926783
0.20972481
0.30727506
0.38657954
0.41535399
0.39203530
0.34932967
0.33732524
0.40317928
0.57025873
0.81638966
1.00000000
1.00000000
1.00000000
1.00000000
1.00000000
1.00000000
1.00000000
1.00000000
1.00000000
1.00000000
1.00000000
1.00000000
1.00000000
1.00000000
0.99752863
0.77848248
0.62943216
0.57230549
0.57675880
0.59308131
0.58631470
0.55038313
0.49671863
0.43104183
0.34900512
0.25396074
0.16499623
0.10186936
0.06955985
0.06030703
0.06467642
0.07652054
0.09029754
0.09874306
0.09672077
0.08635107
0.07550071
0.07110833
0.07554533
0.08777303
0.10431175
0.11894430
0.12555479
0.12429659
0.12383521
0.13465840
0.15917443
0.18849123
0.20885983
0.21195185
0.19989333
0.18064978
0.15991053
0.13988881
0.12585055
0.12949174
0.16272917
0.22958670
0.32548320
0.43749953
0.53649607
0.57632236
0.52244061
0.38854061
0.23214614
0.10903399
0.03897807
0.01101946
0.00595747
0.00973532
0.01541572
0.02095976
0.02640382
0.03172393
0.03645160
0.04091119
0.04891355
0.07006118
0.11880237
0.20766825
0.33335766
0.46245399
0.53717972
0.51315446
0.39935437
0.25338752
0.13510271
0.07021690
0.05238889
0.06339508
0.08537882
0.10334362
0.10724111
0.09540354
0.07514625
0.05940338
0.06050360
0.08192905
0.11318282
0.13687454
0.14613570
0.15539794
0.19184170
0.27416645
0.39701126
0.53714789
0.67413924
0.79285010
0.86308538
0.84457058
0.73232628
0.57637455
0.43680363
0.33470233
0.25802465
0.19534052
0.14710477
0.11557801
0.10026758
0.10199551
0.12197643
0.15536924
0.18983117
0.21230396
0.21687845
0.20694484
0.19125402
0.17785241
0.16957078
0.16311560
0.15230236
0.13352987
0.10884222
0.08362693
0.06227348
0.04740407
0.04262847
0.05366058
0.08513754
0.13600508
0.19957469
0.26947385
0.34486262
0.42681533
0.50793541
0.56853831
0.58873077
0.56632728
0.52019549
0.47941219
0.47458117
0.52875934
0.63514979
0.74126046
0.77651717
0.71270751
0.59430274
0.49940742
0.47200495
0.49793376
0.53979716
0.57678345
0.60649836
0.62934491
0.64936966
0.67888973
0.72020474
0.74630321
0.71907320
0.63373889
0.53779937
0.49718696
0.54313315
0.65723908
0.80706390
0.97971137
1.00000000
1.00000000
1.00000000
1.00000000
1.00000000
1.00000000
1.00000000
1.00000000
0.83153342
0.63446268
0.49869554
0.44330033
0.44859324
0.48223238
0.53163152
0.61947201
0.77522462
0.97528796
1.00000000
1.00000000
0.93155554
0.65276751
0.38796913
0.20256139
0.10294475
0.06310529
0.05482134
0.06276875
0.08377229
0.11844238
0.16572484
0.22570865
0.30183559
0.39112717
0.46893082
0.49473350
0.44592219
0.34351599
0.23561350
0.15697509
0.11049439
0.08261686
0.06580098
0.06423175
0.08555903
0.13363363
0.20886670
0.31040490
0.43391072
0.56903892
0.70278897
0.82314390
0.91590797
0.96099582
0.93875980
0.84365898
0.69156942
0.51400386
0.34619854
0.21758883
0.14656112
0.14028598
0.19559367
0.29223368
0.38424025
0.41567091
0.36341840
0.26015334
0.16453619
0.11374569
0.10748046
0.12402296
0.14119885
0.14712721
0.14056416
0.12597229
0.10920923
0.09643108
0.09323487
0.10246230
0.12214382
0.14616834
0.16768882
0.18283525
0.19146181
0.19386336
0.18691143
0.16659275
0.13750453
0.11850518
0.13534279
0.20466555
0.31853771
0.43829006
0.51088068
0.50804462
0.45569158
0.41769516
0.44721890
0.55085367
0.68505348
0.77797488
0.77384038
0.67786468
0.55089739
0.44897266
0.37994074
0.32555965
0.28476561
0.27986577
0.32916734
0.42492426
0.53851789
0.64906953
0.76467367
0.90184139
1.00000000
1.00000000
1.00000000
0.94531987
0.78116029
0.64579520
0.55180774
0.48507505
0.43948984
0.41946575
0.41353937
0.38793480
0.31938276
0.22370372
0.13920451
0.08972127
0.07152977
0.06722681
0.06336039
0.05795867
0.05746307
0.06798922
0.08768452
0.10642864
0.11311255
0.10429827
0.08571640
0.06590119
0.04997262
0.03977542
0.03772403
0.04900410
0.08080919
0.13989134
0.22684104
0.32785803
0.41435626
0.45873245
0.45280837
0.40750080
0.33934506
0.26654612
0.21599771
0.22048086
0.29734017
0.42751584
0.56268293
0.66227344
0.72530177
0.78627508
0.87815995
0.98933151
1.00000000
1.00000000
0.89618867
0.75272529
0.64066233
0.54812637
0.44297549
0.32340111
0.21527624
0.13953452
0.09801461
0.08528072
0.10263734
0.15815511
0.25394368
0.37209690
0.47344526
0.51813841
0.49684544
0.44115683
0.39583276
0.38179813
0.39129530
0.41272076
0.44710823
0.49946619
0.56336391
0.62254052
0.66902224
0.71591154
0.78463511
0.88195301
0.99747795
1.00000000
1.00000000
1.00000000
1.00000000
1.00000000
0.97893900
0.91771571
0.82627757
0.67737034
0.52451187
0.44491298
0.45380411
0.49401817
0.49658881
0.43749701
0.34135266
0.24635485
0.17399301
0.12605651
0.09748436
0.08432359
0.08352456
0.09144379
0.10295493
0.11114248
0.11013319
0.09993694
0.08673944
0.07711607
0.07270517
0.07032128
0.06632463
0.06084401
0.05754592
0.05918613
0.06512816
0.07415488
0.08691574
0.10287451
0.11668184
0.12100848
0.11381260
0.10160580
0.09491438
0.10113541
0.12225505
0.15756525
0.20406780
0.25204778
0.28416323
0.28540120
0.25659819
0.21591638
0.18623641
0.18157199
0.20121459
0.23039297
0.24810485
0.24206772
0.21877526
0.19664967
0.19065055
0.20859101
0.26073565
0.36151940
0.50937375
0.66503582
0.76302315
0.75711559
0.65736736
0.52188471
0.41755374
0.38668329
0.43207008
0.51887225
0.59923865
0.64733324
0.67088221
0.69207731
0.72416875
0.76085312
0.78240977
0.77682545
0.74872509
0.69835749
0.60921518
0.47451000
0.32104821
0.19016946
0.10445006
0.06044880
0.04298707
0.03819643
0.03801587
0.03923910
0.04129317
0.04535345
0.05444302
0.07136830
0.09437109
0.11575872
0.12737644
0.12775875
0.12341228
0.12594090
0.15136533
0.21860300
0.33767937
0.48978624
0.62043134
0.66532246
0.59575835
0.44192249
0.27005205
0.13667664
0.06165339
0.03391522
0.03181383
0.03808685
0.04457219
0.05018617
0.05614842
0.06225030
0.06676152
0.06868728
0.06888080
0.06864060
0.06848947
0.06919046
0.07237066
0.07920934
0.09096700
0.11534835
0.17111945
0.27963494
0.44672432
0.65700243
0.88808056
1.00000000
1.00000000
1.00000000
1.00000000
1.00000000
1.00000000
1.00000000
0.87578607
0.74179678
0.64380133
0.55003531
0.45901019
0.39962555
0.40000582
0.47300317
0.61665656
0.80772654
0.99346851
1.00000000
1.00000000
0.92547129
0.70763483
0.51323677
0.40859983
0.41384308
0.49912497
0.59996085
0.65545492
0.64580618
0.59066670
0.51740566
0.44481961
0.39320129
0.38886232
0.44561244
0.54376905
0.63432846
0.67260197
0.65496828
0.62251831
0.62299688
0.66779102
0.72421395
0.74211528
0.68747014
0.56271529
0.40378473
0.25568229
0.14645474
0.08030657
0.04858792
0.04168992
0.05097696
0.06590750
0.07544045
0.07403976
0.06430144
0.05302572
0.04536386
0.04272120
0.04525328
0.05616438
0.08164436
0.12228435
0.16351718
0.18140984
0.16586342
0.13684549
0.13381018
0.18699446
0.29093642
0.39725359
0.44229543
0.39865195
0.29897362
0.20251138
0.14571099
0.13087489
0.14821900
0.19276601
0.26273467
0.35287091
0.45094661
0.53567030
0.58315743
0.58727163
0.57429316
0.58778984
0.65371810
0.76177111
0.87815399
0.96773513
1.00000000
0.95676595
0.83153931
0.65451470
0.47786152
0.35471697
0.32115291
0.38580042
0.52451061
0.68523581
0.80784681
0.84828086
0.79078602
0.65045470
0.47207310
0.31355040
0.21371300
0.17449702
0.17424842
0.19165068
0.21640053
0.24468992
0.27269478
0.29816628
0.32651682
0.36864051
0.42924167
0.50231796
0.57908922
0.65198257
0.70715120
0.72447741
0.69947939
0.66391426
0.67246271
0.76014383
0.91314997
1.00000000
1.00000000
1.00000000
1.00000000
1.00000000
1.00000000
1.00000000
1.00000000
1.00000000
0.91564322
0.71243605
0.50574603
0.31718066
0.18130972
0.12526936
0.15618470
0.25793826
0.38536822
0.47304984
0.47504387
0.40073892
0.30133456
0.22360105
0.18271988
0.16938333
0.16756991
0.16524967
0.15755464
0.14610492
0.13612068
0.13294429
0.13899022
0.15237376
0.16773710
0.17870251
0.18095148
0.17453708
0.16342442
0.15231057
0.14374802
0.13777663
0.13336529
0.13028349
0.13031924
0.13636889
0.14939258
0.16593251
0.17893699
0.18186833
0.17275119
0.15465968
0.13336808
0.11608862
0.11086902
0.12270290
0.14791192
0.17417751
0.18853985
0.18566263
0.16874210
0.14474663
0.12043275
0.10102490
0.08927701
0.08487227
0.08606699
0.09171418
0.10031191
0.10895840
0.11642878
0.12682265
0.14664475
0.17683389
0.20935138
0.23455284
0.25208061
0.27069133
0.29448269
0.31300960
0.31004759
0.27980268
0.23072804
0.17736866
0.13309354
0.10670171
0.09957321
0.10531273
0.11423190
0.11940437
0.11948473
0.11769339
0.11816689
0.12168237
0.12399531
0.11919865
0.10576437
0.08944496
0.07953167
0.08141712
0.09302848
0.11007711
0.13547837
0.18357171
0.27096290
0.39368365
0.51094856
0.56883321
0.55979198
0.54787773
0.60811295
0.73841911
0.85509092
0.88758089
0.86107830
0.86651470
0.95572066
1.00000000
1.00000000
1.00000000
1.00000000
1.00000000
1.00000000
1.00000000
1.00000000
1.00000000
1.00000000
0.93632273
0.77467308
0.62883267
0.46577742
0.28161316
0.10531970
0.00000000
0.00000000
0.00000000
0.00000000
0.00000000
0.00000000
0.00000000
0.00000000
0.00000000
0.00000000
0.06222031
0.12232531
0.17846675
0.24056125
0.30791605
0.35999405
0.36591519
0.30684401
0.19310747
0.05986768
0.00000000
0.00000000
0.00000000
0.00000000
0.00000000
0.00000000
0.00000000
0.01270689
0.01752099
0.00000000
0.00000000
0.00000000
0.00000000
0.00000000
0.00000000
0.00000000
0.00000000
0.00000000
0.00000000
0.00000000
0.00000000
0.00000000
0.00000000
0.00000000
0.00000000
0.00000000
0.00000000
0.00000000
0.00000000
0.00000000
0.00000000
0.00000000
0.00000000
0.00000000
0.00000000
0.00000000
0.00000000
0.00000000
0.00000000
0.00000000
0.00000000
0.00000000
0.00000000
0.00000000
0.00000000
0.00000000
0.00000000
0.00000000
0.00000000
0.00000000
0.00000000
0.00000000
0.00000000
0.00000000
0.00000000
0.00000000
0.00000000
0.01529614
0.18698072
0.40489272
0.59119287
0.65990591
0.58768866
0.42997915
0.26694788
0.15009532
0.09877615
0.12315882
0.23816043
0.45686147
0.76091785
1.00000000
1.00000000
1.00000000
1.00000000
1.00000000
1.00000000
0.96967637
0.77312050
0.56127350
0.38215593
0.25676946
0.18806502
0.19060419
0.28622149
0.46352410
0.65563790
0.77263626
0.76133297
0.63822120
0.47248281
0.33985727
0.28530602
0.31148528
0.38332743
0.44544381
0.45792746
0.43019148
0.41622502
0.47113240
0.61003316
0.79577524
0.95175215
0.99447076
0.88256671
0.65238617
0.39786920
0.20525210
0.10630097
0.08411235
0.10447530
0.13946768
0.17556934
0.20938156
0.24040327
0.27555598
0.34324354
0.48543739
0.71392843
0.97217456
1.00000000
1.00000000
1.00000000
0.84007713
0.62379377
0.48846070
0.45121360
0.46690162
0.47469908
0.44744087
0.39472078
0.33430531
0.27940232
0.24496449
