0.69149103
0.61095212
0.49378280
0.39402016
0.34231886
0.33370236
0.33705045
0.32119711
0.27837135
0.22327212
0.17448211
0.14454130
0.14319617
0.17492585
0.22643093
0.26556408
0.26380616
0.21947845
0.15504884
0.09544656
0.05315039
0.02907908
0.02027051
0.02444377
0.03932884
0.06012599
0.07920581
0.08992492
0.09193057
0.09436591
0.11344514
0.16417738
0.25124719
0.36326482
0.47008132
0.52794644
0.50242040
0.39777952
0.25902041
0.13821986
0.06106704
0.02355260
0.00950015
0.00543294
0.00439195
0.00392226
0.00350720
0.00323817
0.00324308
0.00337308
0.00327828
0.00278986
0.00209028
0.00144293
0.00091891
0.00046564
0.00008709
0.00000000
0.00081183
0.00389679
0.01164605
0.02726853
0.05331215
0.08944011
0.13275141
0.18381236
0.25031052
0.33424096
0.41143713
0.43766372
0.38791321
0.28355141
0.17296063
0.09236490
0.05012354
0.03815508
0.04748076
0.07482109
0.12193556
0.19289614
0.29247222
0.42390473
0.58176568
0.74279190
0.86771708
0.92171495
0.90445315
0.86606838
0.88486949
1.00000000
1.00000000
1.00000000
1.00000000
1.00000000
1.00000000
1.00000000
1.00000000
1.00000000
1.00000000
1.00000000
1.00000000
1.00000000
1.00000000
1.00000000
1.00000000
1.00000000
1.00000000
0.98401539
0.93348263
0.90799247
0.89082657
0.86399517
0.82019408
0.76890895
0.73147870
0.72150879
0.72323867
0.69556299
0.60876894
0.47586106
0.34099781
0.24368571
0.20078590
0.21310832
0.27462734
0.37108165
0.47130357
0.52825627
0.50435329
0.40304375
0.26815066
0.14887969
0.06945618
0.02765304
0.01006877
0.00450445
0.00369901
0.00428479
0.00488387
0.00499806
0.00457986
0.00380112
0.00290541
0.00213931
0.00181264
0.00290235
0.00824992
0.02397969
0.05822097
0.11412691
0.18144580
0.23886281
0.26993208
0.27574929
0.26974588
0.26316894
0.25815033
0.25144697
0.23972959
0.21994299
0.18900065
0.14837751
0.10824319
0.08245079
0.07684842
0.08308499
0.08526204
0.07406144
0.05440891
0.04053306
0.04734348
0.08781136
0.17285416
0.30334819
0.45514845
0.57646803
0.61502974
0.55716519
0.43746031
0.30902650
0.20916266
0.14948797
0.12424549
0.11941557
0.11978924
0.11861665
0.12601741
0.16383516
0.24336438
0.34462303
0.42602002
0.46387186
0.47841766
0.51124571
0.58056994
0.66707361
0.73892414
0.78103412
0.80280511
0.82823176
0.88033458
0.96735946
1.00000000
1.00000000
1.00000000
1.00000000
0.90560490
0.62481638
0.36465729
0.18255675
0.08146534
0.03416663
0.01404604
0.00597325
0.00310857
0.00229709
0.00204124
0.00189822
0.00192543
0.00212958
0.00234434
0.00242162
0.00236125
0.00224551
0.00214579
0.00222626
0.00303006
0.00657626
0.01884753
0.05300842
0.12777064
0.25399211
0.41398605
0.55728585
0.63074682
0.62148802
0.56687153
0.51838222
0.49761176
0.48896688
0.47012410
0.44017241
0.41397752
0.39890571
0.39070963
0.39148541
0.41736863
0.48265697
0.58142576
0.68763224
0.76997228
0.80539003
0.78460280
0.71787283
0.64016130
0.59733143
0.61518297
0.68193729
0.75825397
0.80361634
0.80576951
0.79349049
0.81309881
0.88918043
1.00000000
1.00000000
1.00000000
1.00000000
1.00000000
1.00000000
1.00000000
0.95978752
0.96272199
1.00000000
1.00000000
1.00000000
1.00000000
1.00000000
1.00000000
1.00000000
1.00000000
1.00000000
1.00000000
1.00000000
1.00000000
1.00000000
1.00000000
1.00000000
0.85265440
0.72458443
0.62916064
0.52938407
0.40725448
0.28646309
0.21065390
0.20181983
0.23988426
0.28157546
0.30263838
0.32063703
0.37071917
0.46297591
0.57331866
0.66939328
0.72741016
0.72693437
0.65533452
0.52862419
0.39317519
0.29603862
0.25579103
0.25859674
0.27269827
0.26835601
0.23588668
0.19197871
0.16810304
0.18818253
0.25133843
0.33088819
0.39002487
0.40353427
0.37069293
0.31202636
0.25613812
0.22782760
0.24338778
0.30858961
0.41134378
0.51502035
0.57202674
0.55736690
0.48782309
0.40237578
0.32694504
0.26199297
0.19793596
0.13346270
0.07754887
0.03887221
0.01793622
0.00877496
0.00498793
0.00304516
0.00186291
0.00129603
0.00130499
0.00179306
0.00260551
0.00348703
0.00413360
0.00431801
0.00396759
0.00319785
0.00233915
0.00197476
0.00305989
0.00776286
0.02211545
0.06030629
0.14571802
0.29917235
0.51374972
0.73737463
0.89120138
0.92041645
0.83398870
0.69628086
0.58062106
0.52915828
0.54515806
0.60768368
0.68839329
0.76192044
0.80791303
0.80957138
0.76215041
0.68951194
0.63840472
0.63913988
0.67663888
0.71282479
0.73064715
0.74088404
0.75189794
0.75377352
0.73433476
0.69655872
0.65244153
0.60682094
0.55900220
0.52028542
0.51381053
0.54681847
0.59249937
0.61063177
0.58057263
0.50739549
0.40759431
0.30162251
0.21376077
0.16438437
0.15580517
0.16699828
0.16728450
0.14025514
0.09455364
0.05080298
0.02214476
0.00875236
0.00462935
0.00443338
0.00578144
0.00985941
0.02219343
0.05199813
0.10686531
0.18488355
0.27308573
0.35694029
0.43031400
0.49310163
0.54026506
0.55806634
0.53724713
0.49290976
0.46603129
0.49823916
0.60305423
0.75591468
0.90362844
0.98911811
0.98445560
0.90724440
0.80115065
0.70248981
0.62552656
0.56950977
0.53073039
0.50599826
0.48662755
0.45755099
0.40987771
0.35103969
0.29671323
0.25751539
0.24046614
0.25630412
0.31207929
0.39546763
0.47530196
0.52254173
0.53358091
0.53581548
0.56734386
0.64655827
0.76239983
0.89073174
1.00000000
1.00000000
1.00000000
1.00000000
0.97359690
0.91343461
0.89444345
0.93959937
1.00000000
1.00000000
1.00000000
1.00000000
1.00000000
1.00000000
1.00000000
1.00000000
0.95013518
0.87051583
0.78476022
0.68470932
0.59083204
0.53771157
0.53943897
0.57140897
0.59151761
0.57650018
0.53111549
0.46598133
0.38127286
0.27794022
0.17255491
0.08871474
0.03768933
0.01388546
0.00515678
0.00236655
0.00136664
0.00107046
0.00154675
0.00287636
0.00493151
0.00763534
0.01136953
0.01702711
0.02538188
0.03583404
0.04593456
0.05393133
0.06304098
0.08117156
0.11258044
0.14866784
0.17021117
0.16297099
0.13231001
0.10129059
0.09507652
0.12628385
0.18989508
0.26674100
0.33238188
0.36745838
0.36605066
0.33853413
0.30344831
0.27258635
0.24850523
0.23867907
0.25999140
0.32030119
0.40366107
0.48356313
0.54588644
0.59044449
0.61507934
0.60823906
0.56031514
0.48110416
0.40451224
0.37252877
0.40831792
0.49803339
0.59897790
0.67221188
0.70767401
0.71718835
0.71371072
0.70783192
0.71469506
0.74941505
0.81201218
0.87579852
0.89332287
0.82971557
0.69990751
0.56276727
0.47078411
0.43251225
0.42356023
0.41844367
0.40486373
0.37907322
0.33937162
0.28584256
0.22327231
0.16280536
0.11811717
0.09720197
0.09756554
0.11133063
0.13483991
0.17038978
0.21805848
0.26952479
0.31129101
0.33290251
0.33499074
0.33152880
0.34071028
0.37198995
0.42268014
0.48085182
0.52569530
0.53386406
0.49819853
0.43798892
0.38143630
0.33766112
0.29191756
0.22901288
0.15451913
0.08862209
0.04524212
0.02312227
0.01330502
0.00865188
0.00627869
0.00540005
0.00575281
0.00813356
0.01578566
0.03409827
0.06692300
0.11202003
0.16145654
0.20780999
0.24819488
0.28179464
0.30757953
0.32684425
0.34407150
0.36107904
0.37282799
0.37685328
0.38682346
0.42513981
0.49563543
0.57125521
0.61446264
0.60855086
0.57270245
0.55479394
0.60468265
0.73863310
0.91972909
1.00000000
1.00000000
1.00000000
0.91780808
0.70922339
0.50919984
0.35452047
0.25704504
0.21455688
0.22082379
0.26679415
0.33833300
0.41647565
0.48048513
0.51440271
0.51700126
0.50993341
0.53162388
0.61072234
0.73824820
0.87247659
0.98066891
1.00000000
1.00000000
1.00000000
1.00000000
1.00000000
1.00000000
0.96703027
0.91170681
0.88191899
0.83774044
0.74352077
0.59397191
0.41674140
0.25344242
0.13450694
0.06653077
0.03724112
0.02836390
0.02541818
0.02133421
0.01549625
0.01014151
0.00743213
0.00897154
0.01669214
0.03272523
0.05713028
0.08505531
0.10763929
0.11929791
0.12585474
0.14196451
0.17652697
0.22182467
0.26030861
0.28030751
0.28204455
0.27171202
0.25811532
0.25626356
0.28664510
0.36206621
0.47221347
0.58253209
0.65240786
0.66247759
0.63123256
0.60432411
0.62326982
0.69917185
0.81178215
0.93032795
1.00000000
1.00000000
1.00000000
1.00000000
1.00000000
1.00000000
1.00000000
1.00000000
0.93237568
0.83864252
0.73665248
0.65213754
0.59985023
0.57949001
0.59066604
0.63453309
0.70421444
0.78529601
0.86499133
0.93145257
0.96828598
0.96464843
0.93003368
0.88102896
0.81620498
0.72437726
0.61552306
0.52517390
0.48775786
0.51561613
0.59728277
0.70188681
0.78646377
0.81498754
0.78110821
0.70933407
0.63054203
0.56210690
0.51517208
0.50599210
0.54316285
0.60800917
0.66356783
0.68635223
0.68458408
0.68868537
0.72771152
0.80968922
0.91463843
0.99932788
1.00000000
0.91903599
0.73779226
0.52866383
0.35753547
0.26004106
0.23402558
0.24908230
0.26350138
0.24678514
0.19552849
0.12917136
0.07100265
0.03294375
0.01379011
0.00631815
0.00395220
0.00313898
0.00274894
0.00269485
0.00294030
0.00322939
0.00335732
0.00335158
0.00333489
0.00337031
0.00347827
0.00364087
0.00375384
0.00372252
0.00362905
0.00368815
0.00398621
0.00432548
0.00437495
0.00397457
0.00330410
0.00276509
0.00265435
0.00289664
0.00310648
0.00292928
0.00232005
0.00153598
0.00094307
0.00080595
0.00114923
0.00177435
0.00240095
0.00276908
0.00269401
0.00224595
0.00195324
0.00270199
0.00518114
0.00912580
0.01302138
0.01518040
0.01581538
0.01830970
0.02824757
0.05089977
0.08930771
0.14421441
0.21363009
0.29068557
0.36280602
0.41430651
0.42965212
0.39883549
0.32709843
0.23788723
0.15912568
0.10524109
0.07385945
0.05707103
0.05242343
0.06318487
0.09012542
0.12433367
0.14994537
0.15634139
0.14643326
0.13119817
0.11843696
0.10910681
0.10098265
0.09226973
0.08337618
0.07771804
0.08044362
0.09639559
0.12895793
0.17727755
0.23239291
0.28179378
0.32431848
0.37575323
0.45306499
0.55698432
0.67217398
0.77582833
0.84563118
0.87490176
0.88676997
0.92101230
0.99718148
1.00000000
1.00000000
1.00000000
1.00000000
0.98775623
0.85034534
0.72118305
0.63190224
0.59588551
0.60133202
0.62249856
0.63386550
0.61429617
0.54800576
0.43395825
0.29555236
0.17082549
0.08742797
0.04804537
0.03726066
0.03737498
0.03891306
0.04322322
0.05987778
0.10029686
0.16948631
0.26054807
0.35591986
0.43526597
0.48758535
0.51697905
0.52936015
0.51339486
0.44806855
0.33382060
0.20360066
0.09698531
0.03136822
0.00027951
0.00000000
0.00000000
0.00000000
0.00000000
0.00000000
0.00000000
0.00000000
0.00000000
0.00000000
0.00000000
0.00000000
0.00000000
0.00000000
0.00000000
0.00000000
0.00000000
0.00000000
0.00000000
0.00000000
0.00021947
0.01161431
0.02099298
0.02453634
0.02140304
0.01363075
0.00417050
0.00000000
0.00000000
0.00000000
0.00000000
0.00000000
0.00000000
0.00000000
0.00000000
0.00000000
0.00000000
0.00000000
0.00000000
0.00000000
0.00000000
0.00000000
0.00000000
0.00000000
0.00000000
0.00000000
0.00000000
0.00727464
0.02968288
0.05291589
0.06641049
0.06502159
0.05447653
0.04722132
0.05730033
0.10020426
0.19058021
0.32981208
0.49011803
0.61417106
0.64396936
0.56436739
0.41901494
0.27735467
0.18813065
0.16611959
0.21012124
0.31682367
0.47559521
0.66149975
0.84126742
0.98266436
1.00000000
1.00000000
0.97216032
0.83025018
0.64847248
0.45166085
0.27363126
0.14614743
0.08484351
0.09065931
0.15885386
0.27771906
0.41856790
0.53451244
0.57927274
0.53680371
0.43599464
0.33296207
0.27402688
0.27116695
0.30669440
0.35581776
0.40234381
0.43719671
0.45155996
0.43829219
0.39990827
0.35087510
0.30802127
0.27699839
0.24890896
0.21148836
0.16442493
0.12377188
0.11325756
0.15037057
0.23186469
0.32667389
0.39246102
0.41301651
0.41797470
0.45994216
0.57436120
0.75722072
0.96576532
1.00000000
1.00000000
1.00000000
1.00000000
0.84451302
0.69107899
0.59286095
0.54832116
0.54263306
0.56613275
0.61263859
0.66622510
0.70226414
0.70871031
0.70041618
