0.90429182
0.81206806
0.67099418
0.54550286
0.48638557
0.49611509
0.52151761
0.49632427
0.40024871
0.27053833
0.15869866
0.09012190
0.06366186
0.07006897
0.09904132
0.13458984
0.15590062
0.14900367
0.11682500
0.07547349
0.04110883
0.02134618
0.01667683
0.02520102
0.04317551
0.06261503
0.07313472
0.07081955
0.06566665
0.08035155
0.13989239
0.25469121
0.40432598
0.53937445
0.60747066
0.58273431
0.47702592
0.33139415
0.19398331
0.09566768
0.04068752
0.01633220
0.00766138
0.00502275
0.00399159
0.00324808
0.00262452
0.00220230
0.00194961
0.00173897
0.00146682
0.00110619
0.00070316
0.00034977
0.00011834
0.00001096
0.00000000
0.00018743
0.00096531
0.00319828
0.00833978
0.01817760
0.03457799
0.06011238
0.10056045
0.16551620
0.25908154
0.36263961
0.43249574
0.42883748
0.35078201
0.23709991
0.13369054
0.06488491
0.03099583
0.02250704
0.03282486
0.06141161
0.10836111
0.16786365
0.23090261
0.29600741
0.37312207
0.47045255
0.57654045
0.65868248
0.68744994
0.66822086
0.64374823
0.66020120
0.73278372
0.84357232
0.96407977
1.00000000
1.00000000
1.00000000
1.00000000
1.00000000
1.00000000
1.00000000
1.00000000
1.00000000
1.00000000
1.00000000
0.99728175
0.96335958
0.94500001
0.93379531
0.91658389
0.89595561
0.88762733
0.89712863
0.90820776
0.89845531
0.86450310
0.82457375
0.78834288
0.73231566
0.62349074
0.46499880
0.30167089
0.18204925
0.12796007
0.13784515
0.20132668
0.29962524
0.39537970
0.43868276
0.40035411
0.29862074
0.18299754
0.09364234
0.04123986
0.01655828
0.00686237
0.00360535
0.00265599
0.00248321
0.00255579
0.00267688
0.00275157
0.00275279
0.00268792
0.00256224
0.00244833
0.00276403
0.00457122
0.00972833
0.02036734
0.03806848
0.06414294
0.10261709
0.16055742
0.23758086
0.31235956
0.35093967
0.33797411
0.29190466
0.24150613
0.19711865
0.15334394
0.10973641
0.07763314
0.06931187
0.08513169
0.10966663
0.12072018
0.10693999
0.07688438
0.05039439
0.04477046
0.07167698
0.14056119
0.25523803
0.40376659
0.55430473
0.66303644
0.68906362
0.61482063
0.46585859
0.30532833
0.19599026
0.16349361
0.18988426
0.23114917
0.24535261
0.22083549
0.18316518
0.16896405
0.19394651
0.24912854
0.31938485
0.39324555
0.45718082
0.49741820
0.51775805
0.54916143
0.62783004
0.75626079
0.89507664
1.00000000
1.00000000
1.00000000
1.00000000
1.00000000
1.00000000
0.92587186
0.72275917
0.51096016
0.32250060
0.17824461
0.08474325
0.03468213
0.01295276
0.00532606
0.00309850
0.00250803
0.00229410
0.00219646
0.00216372
0.00220363
0.00227694
0.00230700
0.00223188
0.00204923
0.00194502
0.00248238
0.00589036
0.01876241
0.05507798
0.13237840
0.25380210
0.38710724
0.47369732
0.47691386
0.42314465
0.38626385
0.42981024
0.55922720
0.71831673
0.83117522
0.85726843
0.80934324
0.72502521
0.63867206
0.58288346
0.58978989
0.66995776
0.79300526
0.89672623
0.92337376
0.85846344
0.73924625
0.62665323
0.56933669
0.58358368
0.65466836
0.75576262
0.86402562
0.95997562
1.00000000
1.00000000
1.00000000
0.99980517
0.97719921
0.97730082
1.00000000
1.00000000
1.00000000
1.00000000
1.00000000
1.00000000
1.00000000
1.00000000
1.00000000
1.00000000
1.00000000
1.00000000
1.00000000
0.80802268
0.63278037
0.57642350
0.63146507
0.74034497
0.84711358
0.92623365
0.96876226
0.96214216
0.89725812
0.78661108
0.65744680
0.52606012
0.39364663
0.26732571
0.16798928
0.11258697
0.09929298
0.11636326
0.16022778
0.23598605
0.33882812
0.44440210
0.52439817
0.56332896
0.55499636
0.49704769
0.40020545
0.29437955
0.21468480
0.17883505
0.17659270
0.18019410
0.16698435
0.13445725
0.09727935
0.07632582
0.09398667
0.17228946
0.32078379
0.51609546
0.69836366
0.80125338
0.79408356
0.70002993
0.57815069
0.48589512
0.45082814
0.46756424
0.50771056
0.53377437
0.52813336
0.51913509
0.55950659
0.66255840
0.76754382
0.78335937
0.66977642
0.47048811
0.26947867
0.12561335
0.04795290
0.01548928
0.00477790
0.00191412
0.00131136
0.00126881
0.00135961
0.00144441
0.00150179
0.00155643
0.00165609
0.00185606
0.00218148
0.00257952
0.00297181
0.00350247
0.00477857
0.00892313
0.02212061
0.05860058
0.14015054
0.28264604
0.47269735
0.65876771
0.77760462
0.80205386
0.76865108
0.75411965
0.81288059
0.93179380
1.00000000
1.00000000
1.00000000
0.97570657
0.88096462
0.80804317
0.76053562
0.73823776
0.74762697
0.78428922
0.82907414
0.87391715
0.93183517
1.00000000
1.00000000
1.00000000
1.00000000
1.00000000
1.00000000
0.89975446
0.78127868
0.69681823
0.64720527
0.62515699
0.61362170
0.58863868
0.53339827
0.44495287
0.33336851
0.22163616
0.13820128
0.10037427
0.10324145
0.12293647
0.13152325
0.11519060
0.08120375
0.04664027
0.02260943
0.00993524
0.00458195
0.00306662
0.00484346
0.01379104
0.03965134
0.09548354
0.18655643
0.29928696
0.40917063
0.50624694
0.60583769
0.72665356
0.85883640
0.95357308
0.95143331
0.83707202
0.66587933
0.52407875
0.46589936
0.49259840
0.57161941
0.66122749
0.73432466
0.79460272
0.85777652
0.91464149
0.93236205
0.89816463
0.84129089
0.80143563
0.78651145
0.76797436
0.70933499
0.59665777
0.45242253
0.32785182
0.27653961
0.32132173
0.43254979
0.53799210
0.57035776
0.51803041
0.42984080
0.37177448
0.37742486
0.42966739
0.48443914
0.51594939
0.53768141
0.58052061
0.66111062
0.77158939
0.88822049
0.98831283
1.00000000
1.00000000
1.00000000
1.00000000
1.00000000
1.00000000
1.00000000
1.00000000
1.00000000
1.00000000
0.90907179
0.80248109
0.72718733
0.68564212
0.66781671
0.67165142
0.70519185
0.76579770
0.82218542
0.82486236
0.74206660
0.58665058
0.40526399
0.24434849
0.12797299
0.05779753
0.02260340
0.00806837
0.00301537
0.00138423
0.00080992
0.00070684
0.00122738
0.00289934
0.00643076
0.01197955
0.01849231
0.02430810
0.02862361
0.03159436
0.03301628
0.03252842
0.03169681
0.03401139
0.04111520
0.04958997
0.05302264
0.04809813
0.03848434
0.03283474
0.03919916
0.05973664
0.08850770
0.11461361
0.12941523
0.13090191
0.12240277
0.11025388
0.10139677
0.09888596
0.10130527
0.11070512
0.13661098
0.18522300
0.24704202
0.30263663
0.34021681
0.36250382
0.37767099
0.39165182
0.41144140
0.44948431
0.51548610
0.60254649
0.68682714
0.74525135
0.77593258
0.80240966
0.84997305
0.91222404
0.94965920
0.93189337
0.87532332
0.82875654
0.82585368
0.85805528
0.89053418
0.90011357
0.89494127
0.89552056
0.89812555
0.86722432
0.77252108
0.62943781
0.49217825
0.40491267
0.36374015
0.32884662
0.27009456
0.19509959
0.13427412
0.10696469
0.10630023
0.11166475
0.11053555
0.10778360
0.11637175
0.14235602
0.17923867
0.21575389
0.25046550
0.29733225
0.37265281
0.47655711
0.59056424
0.68810039
0.74004845
0.71943721
0.61945683
0.46903836
0.31817902
0.20308759
0.12865208
0.08114315
0.04832389
0.02579505
0.01237320
0.00584715
0.00329718
0.00250271
0.00240415
0.00262233
0.00310558
0.00420889
0.00705917
0.01447229
0.03199712
0.06912680
0.13817676
0.24670429
0.38648859
0.53202775
0.65429242
0.73665836
0.77869565
0.78703458
0.76619111
0.72796534
0.71028451
0.76346779
0.90178566
1.00000000
1.00000000
1.00000000
1.00000000
1.00000000
0.95498653
0.87694479
0.86424797
0.88534371
0.89312925
0.85790523
0.78285670
0.69407075
0.61701481
0.55628290
0.49575562
0.42712609
0.37544798
0.37949487
0.44561737
0.53709751
0.61328806
0.66708481
0.71946020
0.78935399
0.87608590
0.96716169
1.00000000
1.00000000
1.00000000
1.00000000
1.00000000
1.00000000
1.00000000
1.00000000
1.00000000
1.00000000
1.00000000
1.00000000
1.00000000
0.91155800
0.71256714
0.48609440
0.28101495
0.13565873
0.05539659
0.02113317
0.01011279
0.00750168
0.00668297
0.00569260
0.00462889
0.00472765
0.00888968
0.02251207
0.05177345
0.09659881
0.14338086
0.17035909
0.16832283
0.15639488
0.17385749
0.25579631
0.41270714
0.62004017
0.82008969
0.94550391
0.95739352
0.86563688
0.71525808
0.56143908
0.45250665
0.41750080
0.45746428
0.54849879
0.65797893
0.76314284
0.85577283
0.93351266
0.99890822
1.00000000
1.00000000
1.00000000
1.00000000
1.00000000
1.00000000
1.00000000
1.00000000
1.00000000
0.90389625
0.82015255
0.81897022
0.90379294
1.00000000
1.00000000
1.00000000
1.00000000
1.00000000
1.00000000
1.00000000
0.84248689
0.67640488
0.54130728
0.46233823
0.43939873
0.44562832
0.43826832
0.39082080
0.31936779
0.27040907
0.28639309
0.38424964
0.55140805
0.75168169
0.94161157
1.00000000
1.00000000
1.00000000
0.98343272
0.82327095
0.72414181
0.73642665
0.83014721
0.92874461
0.98280421
1.00000000
1.00000000
1.00000000
1.00000000
1.00000000
1.00000000
1.00000000
1.00000000
0.88314204
0.62290402
0.39493391
0.24838077
0.20800587
0.26922748
0.39647047
0.52449546
0.57995741
0.52513853
0.38589847
0.22885262
0.10929994
0.04241850
0.01410806
0.00491691
0.00257677
0.00207872
0.00203024
0.00214622
0.00231907
0.00245804
0.00248194
0.00237000
0.00216202
0.00191534
0.00167187
0.00145603
0.00127565
0.00112986
0.00105461
0.00115148
0.00149804
0.00201320
0.00247186
0.00267973
0.00261574
0.00242208
0.00228522
0.00229373
0.00237355
0.00236905
0.00219687
0.00191137
0.00163671
0.00147128
0.00146066
0.00161546
0.00190070
0.00221398
0.00245419
0.00268114
0.00323858
0.00462050
0.00697005
0.00957552
0.01122811
0.01154562
0.01204077
0.01610690
0.02850071
0.05492713
0.09968745
0.15934799
0.21750800
0.25098153
0.24629210
0.20909507
0.15678512
0.10565735
0.06510012
0.03792904
0.02228401
0.01426953
0.01090396
0.01181058
0.01848026
0.03147206
0.04755374
0.06043354
0.06555867
0.06353724
0.05786215
0.05070994
0.04248692
0.03386722
0.02622787
0.02067615
0.01804501
0.01965957
0.02823206
0.04915421
0.09168065
0.16648503
0.27654699
0.40718665
0.53192913
0.63980043
0.75163204
0.89167980
1.00000000
1.00000000
1.00000000
1.00000000
1.00000000
1.00000000
1.00000000
1.00000000
1.00000000
1.00000000
1.00000000
1.00000000
1.00000000
1.00000000
1.00000000
1.00000000
1.00000000
1.00000000
1.00000000
1.00000000
0.85079101
0.59743082
0.35866765
0.18671862
0.09255555
0.05421567
0.04339913
0.04483124
0.06136070
0.10701697
0.19101197
0.30241782
0.41244530
0.49433830
0.53960393
0.55710564
0.56048716
0.55025561
0.50687867
0.41359718
0.28540348
0.16203488
0.07431612
0.02653771
0.00622702
0.00000000
0.00000000
0.00000000
0.00000000
0.00020303
0.00000000
0.00000000
0.00000000
0.00000000
0.00000000
0.00000000
0.00000000
0.00000000
0.00000000
0.00000000
0.00000000
0.00000000
0.00167644
0.01080722
0.02463821
0.03864555
0.04548836
0.04107062
0.02846657
0.01470443
0.00473207
0.00000000
0.00000000
0.00000000
0.00000000
0.00000000
0.00000000
0.00000000
0.00000000
0.00000000
0.00000000
0.00000000
0.00000000
0.00000000
0.00000000
0.00000000
0.00000000
0.00000000
0.00000000
0.00000000
0.00476947
0.01789757
0.03754607
0.05724425
0.06709423
0.06270101
0.05118235
0.04870529
0.07616911
0.15724058
0.30824006
0.51610545
0.72767950
0.87364206
0.90834589
0.82831160
0.66645942
0.48077962
0.33749944
0.28650963
0.34426556
0.49531473
0.70170627
0.90974268
1.00000000
1.00000000
1.00000000
1.00000000
1.00000000
0.97024640
0.81170579
0.60730472
0.40862346
0.26521551
0.20466713
0.23612063
0.34964956
0.50856461
0.66204316
0.77469283
0.83284261
0.82519417
0.74690727
0.63107578
0.54677566
0.54509288
0.61568283
0.70202716
0.74858207
0.73644289
0.69047821
0.65645046
0.66525223
0.71164791
0.75671879
0.74727398
0.64981261
0.48065643
0.29838948
0.16030337
0.09008717
0.08191180
0.11817802
0.17962241
0.25200441
0.33429276
0.43618955
0.56237672
0.70106326
0.82972666
0.93236078
1.00000000
1.00000000
1.00000000
1.00000000
0.96763374
0.85910112
0.77145040
0.70269216
0.63061963
0.56322976
0.54223549
0.59415002
0.69635836
0.79728425
0.85599856
